NUMBER OF MARPTS:    24

 HEIGHTS  TEMPERATURES  REL. HUMIDITY  U-WIND  V-WIND 
     [M]           [C]            [%]   [M/S]   [M/S]

     0.0        -65.68        0.00000    0.00    0.00
     5.5        -66.22        0.00000    3.13   -1.97
    20.0        -66.28        0.00000    3.78   -2.43
    49.4        -66.41        0.00000    4.29   -2.82
   116.8        -66.70        0.00000    4.73   -3.22
   253.4        -67.29        0.00000    5.14   -3.79
   511.0        -67.44        0.00000    5.37   -4.75
   992.1        -62.80        0.00000    8.96   -3.71
  1859.2        -61.40        0.00000   12.01   -2.91
  3323.5        -64.05        0.00000   14.81   -2.12
  5605.4        -68.95        0.00000   19.92   -1.26
  8864.4        -76.85        0.00000   25.10    0.08
 13136.9        -85.43        0.00000   27.44    1.73
 18316.5        -92.32        0.00000   25.24    2.68
 24195.7        -98.98        0.00000   18.37    2.66
 30563.3       -106.23        0.00000   10.87    2.35
 37287.7       -112.06        0.00000    7.97    2.31
 44236.1       -118.90        0.00000    6.11    1.40
 51236.1       -124.86        0.00000    4.26    0.51
 58236.1       -129.81        0.00000    3.97    0.27
 65236.1       -134.07        0.00000    3.10   -0.11
 72236.1       -138.22        0.00000    2.65   -0.44
 79236.1       -142.21        0.00000    2.42   -0.46
 86236.1       -146.10        0.00000    2.41   -0.60
