NUMBER OF MARPTS:    24

 HEIGHTS  TEMPERATURES  REL. HUMIDITY  U-WIND  V-WIND 
     [M]           [C]            [%]   [M/S]   [M/S]

     0.0        -75.41        0.00000    0.00    0.00
     5.5        -75.55        0.05479    6.49   -1.58
    20.0        -75.61        0.05524    7.91   -1.96
    49.4        -75.73        0.05615    9.06   -2.29
   116.8        -75.97        0.05791   10.47   -2.78
   253.4        -76.27        0.05983   12.98   -3.97
   511.0        -76.49        0.05989   15.69   -5.99
   992.1        -77.28        0.06480   16.26   -7.90
  1859.2        -79.17        0.08880   16.18   -9.18
  3323.5        -82.24        0.15517   16.42   -9.37
  5605.4        -86.95        0.37577   15.76   -8.91
  8864.4        -92.79        1.20884   14.04   -7.91
 13136.9        -98.27        3.86442   11.72   -7.46
 18316.5       -103.28       10.99303    8.94   -7.47
 24195.7       -108.64       28.72014    5.21   -5.91
 30563.3       -113.44       54.48699    1.45   -7.22
 37287.7       -118.93       96.30050   -4.50   -9.19
 44236.1       -122.59       98.29344   -8.58   -9.59
 51236.1       -124.04       86.97370  -10.75   -7.31
 58236.1       -127.71      100.00000   -7.76   -1.75
 65236.1       -133.78      100.00000   -3.38    1.66
 72236.1       -138.57      100.00000   -1.36    0.61
 79236.1       -142.50      100.00000   -1.32    0.40
 86236.1       -146.14      100.00000   -1.37    0.20
