NUMBER OF MARPTS:    24

 HEIGHTS  TEMPERATURES  REL. HUMIDITY  U-WIND  V-WIND 
     [M]           [C]            [%]   [M/S]   [M/S]

     0.0        -65.32        0.00000    0.00    0.00
     5.5        -63.07        0.00787    0.10    0.37
    20.0        -60.40        0.00541    1.24    1.22
    49.4        -60.30        0.00531    1.63    1.38
   116.8        -60.55        0.00546    1.90    1.49
   253.4        -61.14        0.00584    1.89    1.55
   511.0        -62.27        0.00666    1.61    1.64
   992.1        -64.33        0.00853    0.97    1.61
  1859.2        -66.89        0.01121   -1.51    2.44
  3323.5        -71.20        0.01948   -3.40    2.68
  5605.4        -78.15        0.05348   -5.15    3.74
  8864.4        -88.44        0.30946   -4.90    5.38
 13136.9        -98.31        2.17508    2.35   -2.08
 18316.5       -103.89        6.25034   -0.20   -5.14
 24195.7       -108.16       14.75669    2.06   -4.24
 30563.3       -112.89       31.42462    3.08   -3.59
 37287.7       -118.69       82.04015    3.62   -3.96
 44236.1       -123.00       95.18212    3.10   -3.99
 51236.1       -126.66       91.26378    3.16   -4.13
 58236.1       -129.69       81.49100    3.48   -3.55
 65236.1       -132.66       58.19787    5.37   -1.55
 72236.1       -135.36       46.99855   10.33    0.15
 79236.1       -139.29       49.58144   15.35    0.60
 86236.1       -141.33       54.24404   19.60    0.71
