NUMBER OF MARPTS:    24

 HEIGHTS  TEMPERATURES  REL. HUMIDITY  U-WIND  V-WIND 
     [M]           [C]            [%]   [M/S]   [M/S]

     0.0        -32.82        0.00000    0.00    0.00
     5.5        -30.48        0.00000   -0.42   -0.47
    20.0        -27.51        0.00000   -1.49   -0.26
    49.4        -27.31        0.00000   -1.79    0.13
   116.8        -27.63        0.00000   -1.86    0.35
   253.4        -28.32        0.00000   -1.85    0.49
   511.0        -29.63        0.00000   -1.82    0.55
   992.1        -32.08        0.00000   -1.84    0.51
  1859.2        -36.43        0.00000   -1.90    0.38
  3323.5        -43.60        0.00000   -2.01    0.20
  5605.4        -54.35        0.00000   -2.14    0.05
  8864.4        -68.85        0.00000   -2.46    0.16
 13136.9        -83.97        0.00000   -2.91    0.26
 18316.5        -95.62        0.00000   -3.37    0.20
 24195.7       -102.40        0.00000   -3.24    0.13
 30563.3       -107.88        0.00000   -2.99    0.02
 37287.7       -113.23        0.00000   -3.24    0.07
 44236.1       -118.90        0.00000   -3.80   -0.22
 51236.1       -124.74        0.00000   -3.94   -0.82
 58236.1       -127.93        0.00000   -5.28   -1.48
 65236.1       -130.52        0.00000   -8.03   -2.09
 72236.1       -134.20        0.00000  -10.53   -1.97
 79236.1       -138.11        0.00000  -13.29   -1.42
 86236.1       -139.71        0.00000  -16.01   -1.00
