NUMBER OF MARPTS:    24

 HEIGHTS  TEMPERATURES  REL. HUMIDITY  U-WIND  V-WIND 
     [M]           [C]            [%]   [M/S]   [M/S]

     0.0        -52.90        0.00000    0.00    0.00
     5.5        -52.37        0.00000    0.28    4.14
    20.0        -52.34        0.00000    0.39    5.10
    49.4        -52.39        0.00000    0.55    6.03
   116.8        -52.56        0.00000    0.94    7.27
   253.4        -52.86        0.00000    1.98    8.63
   511.0        -52.99        0.00000    4.16    7.90
   992.1        -52.66        0.00000    4.91    4.72
  1859.2        -56.50        0.00000    4.55    1.27
  3323.5        -59.16        0.00000    5.04    0.05
  5605.4        -64.63        0.00000    6.13   -0.33
  8864.4        -74.50        0.00000    7.83   -0.69
 13136.9        -85.08        0.00000   10.38   -0.38
 18316.5        -94.22        0.00000   12.74    0.97
 24195.7       -100.18        0.00000   15.75    2.82
 30563.3       -105.27        0.00000   16.95    3.88
 37287.7       -111.77        0.00000   13.33    3.48
 44236.1       -118.68        0.00000    6.68    1.52
 51236.1       -124.75        0.00000    2.70    0.23
 58236.1       -128.05        0.00000    1.58    0.37
 65236.1       -132.23        0.00000    1.72    0.15
 72236.1       -136.06        0.00000    5.38   -0.18
 79236.1       -140.22        0.00000   10.23   -0.29
 86236.1       -142.04        0.00000   14.18   -0.45
