NUMBER OF MARPTS:    24

 HEIGHTS  TEMPERATURES  REL. HUMIDITY  U-WIND  V-WIND 
     [M]           [C]            [%]   [M/S]   [M/S]

     0.0        -78.11        0.00000    0.00    0.00
     5.5        -76.51        0.05798   -0.80   -0.25
    20.0        -67.01        0.01333   -3.30   -0.72
    49.4        -65.58        0.01079   -3.19   -0.96
   116.8        -65.46        0.01054   -3.19   -0.81
   253.4        -65.92        0.01112   -2.93   -0.68
   511.0        -66.96        0.01261   -2.66   -0.56
   992.1        -68.98        0.01619   -2.30   -0.63
  1859.2        -72.54        0.02556   -1.73   -0.78
  3323.5        -77.81        0.05315   -1.05   -0.94
  5605.4        -85.18        0.17740   -0.76   -0.68
  8864.4        -93.34        0.78931   -0.08   -0.54
 13136.9        -98.79        2.23704    1.22   -0.30
 18316.5       -103.27        6.07259    2.09    0.90
 24195.7       -108.19       17.51800    2.21    1.39
 30563.3       -113.88       52.48644    2.49    1.02
 37287.7       -118.80       94.37374    2.43    0.75
 44236.1       -123.08       94.03303    2.30    0.71
 51236.1       -126.53       99.54334    2.03    0.76
 58236.1       -130.18      100.00000    1.54    0.53
 65236.1       -134.49      100.00000    0.67    0.08
 72236.1       -138.61      100.00000    0.14   -0.24
 79236.1       -142.50      100.00000    0.02   -0.32
 86236.1       -146.11      100.00000    0.23   -0.32
