NUMBER OF MARPTS:    24

 HEIGHTS  TEMPERATURES  REL. HUMIDITY  U-WIND  V-WIND 
     [M]           [C]            [%]   [M/S]   [M/S]

     0.0        -60.67        0.00000    0.00    0.00
     5.5        -58.11        0.00399    1.28    0.93
    20.0        -56.81        0.00334    2.48    1.52
    49.4        -55.63        0.00285    3.94    1.94
   116.8        -55.05        0.00262    5.36    2.13
   253.4        -55.42        0.00271    6.16    2.06
   511.0        -56.55        0.00307    6.52    1.83
   992.1        -58.70        0.00391    6.63    1.50
  1859.2        -62.54        0.00610    6.15    1.39
  3323.5        -68.87        0.01325    4.98    1.28
  5605.4        -78.35        0.04721    3.63    1.32
  8864.4        -89.20        0.29102    2.38    1.41
 13136.9        -98.29        1.76938   -0.01    1.75
 18316.5       -103.54        4.88669   -0.50    0.73
 24195.7       -108.83       12.59162   -1.88   -0.28
 30563.3       -113.46       25.56339   -3.32   -0.45
 37287.7       -118.25       50.62159   -4.07   -0.51
 44236.1       -122.68       86.84196   -4.72   -0.51
 51236.1       -125.87       70.92041   -5.33   -0.49
 58236.1       -127.64       50.88785   -6.58   -0.57
 65236.1       -128.47       18.47890   -9.47   -0.65
 72236.1       -134.03       31.33274  -12.94   -0.82
 79236.1       -138.46       48.69707  -16.48   -1.05
 86236.1       -139.80       34.24169  -19.79   -1.00
