NUMBER OF MARPTS:    24

 HEIGHTS  TEMPERATURES  REL. HUMIDITY  U-WIND  V-WIND 
     [M]           [C]            [%]   [M/S]   [M/S]

     0.0        -43.21        0.00000    0.00    0.00
     5.5        -41.92        0.00000   -0.29   -0.86
    20.0        -41.59        0.00000   -0.40   -1.11
    49.4        -37.60        0.00000   -0.23   -0.24
   116.8        -37.30        0.00000   -0.07   -0.06
   253.4        -37.85        0.00000   -0.08   -0.05
   511.0        -39.07        0.00000   -0.11   -0.08
   992.1        -41.40        0.00000   -0.07   -0.15
  1859.2        -45.57        0.00000    0.08   -0.27
  3323.5        -52.33        0.00000    0.17   -0.44
  5605.4        -61.89        0.00000   -0.14   -0.49
  8864.4        -73.41        0.00000   -0.62   -0.30
 13136.9        -86.29        0.00000   -0.91   -0.00
 18316.5        -96.39        0.00000   -0.18    0.29
 24195.7       -102.38        0.00000    0.75    0.35
 30563.3       -108.13        0.00000    0.82    0.19
 37287.7       -113.84        0.00000    0.79    0.08
 44236.1       -119.44        0.00000    0.78    0.11
 51236.1       -124.87        0.00000    0.89    0.20
 58236.1       -129.98        0.00000    0.91    0.26
 65236.1       -134.40        0.00000    0.71    0.03
 72236.1       -138.61        0.00000    0.57   -0.29
 79236.1       -142.50        0.00000    0.49   -0.42
 86236.1       -146.04        0.00000    0.91   -0.55
