NUMBER OF MARPTS:    24

 HEIGHTS  TEMPERATURES  REL. HUMIDITY  U-WIND  V-WIND 
     [M]           [C]            [%]   [M/S]   [M/S]

     0.0        -38.06        0.00000    0.00    0.00
     5.5        -39.04        0.00045   -0.39    1.00
    20.0        -39.11        0.00046   -1.99    2.51
    49.4        -35.79        0.00032   -1.56    1.58
   116.8        -34.58        0.00028   -0.49    1.09
   253.4        -34.89        0.00028   -0.26    1.03
   511.0        -35.93        0.00031    0.04    0.88
   992.1        -38.05        0.00037    0.63    0.60
  1859.2        -41.94        0.00052    1.12    0.36
  3323.5        -48.23        0.00095    1.21    0.45
  5605.4        -57.88        0.00273    0.51    1.04
  8864.4        -70.81        0.01425   -0.40    1.62
 13136.9        -84.97        0.12622    0.61    0.51
 18316.5        -96.58        0.89383    3.76   -1.51
 24195.7       -103.22        2.79498    6.94   -1.77
 30563.3       -109.69        8.60930    7.92   -0.35
 37287.7       -115.96       25.09216    7.30    0.58
 44236.1       -121.05       52.24937    7.34    0.53
 51236.1       -125.72       87.10481    7.82    0.64
 58236.1       -128.52       80.61108    8.67    0.83
 65236.1       -130.63       46.77044   10.09    1.24
 72236.1       -134.73       39.63095   12.55    1.08
 79236.1       -138.70       41.38471   15.42    0.18
 86236.1       -141.01       45.11031   18.12   -0.52
