NUMBER OF MARPTS:    24

 HEIGHTS  TEMPERATURES  REL. HUMIDITY  U-WIND  V-WIND 
     [M]           [C]            [%]   [M/S]   [M/S]

     0.0        -70.76        0.00000    0.00    0.00
     5.5        -68.91        0.00000   -0.80    0.70
    20.0        -63.22        0.00000   -3.60   -0.59
    49.4        -60.30        0.00000   -3.29   -2.77
   116.8        -59.20        0.00000   -1.30   -3.46
   253.4        -59.33        0.00000   -0.59   -3.38
   511.0        -59.17        0.00000    0.02   -3.04
   992.1        -59.89        0.00000    0.62   -3.11
  1859.2        -61.92        0.00000    1.19   -3.46
  3323.5        -65.99        0.00000    1.53   -3.80
  5605.4        -72.70        0.00000    1.42   -4.48
  8864.4        -81.46        0.00000    1.30   -6.13
 13136.9        -90.52        0.00000    1.41   -7.85
 18316.5        -98.02        0.00000    2.20   -8.34
 24195.7       -103.86        0.00000    3.08   -7.07
 30563.3       -109.89        0.00000    2.96   -5.16
 37287.7       -115.38        0.00000    2.54   -3.58
 44236.1       -120.90        0.00000    2.10   -2.70
 51236.1       -125.65        0.00000    2.38   -2.69
 58236.1       -129.51        0.00000    2.69   -2.61
 65236.1       -133.44        0.00000    2.77   -2.27
 72236.1       -138.31        0.00000    3.09   -1.85
 79236.1       -142.50        0.00000    3.45   -1.62
 86236.1       -146.16        0.00000    3.46   -1.40
