NUMBER OF MARPTS:    24

 HEIGHTS  TEMPERATURES  REL. HUMIDITY  U-WIND  V-WIND 
     [M]           [C]            [%]   [M/S]   [M/S]

     0.0        -43.62        0.00000    0.00    0.00
     5.5        -42.35        0.00143    1.20   -0.31
    20.0        -41.98        0.00137    1.87   -0.40
    49.4        -41.75        0.00133    2.51   -0.39
   116.8        -41.93        0.00135    2.90   -0.27
   253.4        -42.56        0.00143    2.94   -0.04
   511.0        -43.79        0.00162    2.72    0.27
   992.1        -46.09        0.00203    2.47    0.46
  1859.2        -50.17        0.00309    2.18    0.61
  3323.5        -56.91        0.00638    1.60    0.80
  5605.4        -67.00        0.02134    0.84    1.01
  8864.4        -78.87        0.14116   -0.27    0.94
 13136.9        -91.11        1.08379   -1.93    0.19
 18316.5        -99.62        4.49347   -1.80   -0.56
 24195.7       -104.95        8.93031   -0.63   -0.77
 30563.3       -110.27       17.85078    0.17   -0.90
 37287.7       -115.57       36.70776    0.82   -0.70
 44236.1       -120.75       72.68105    1.53   -0.17
 51236.1       -125.45       81.90826    1.76    0.08
 58236.1       -128.57       66.14718    0.57    0.32
 65236.1       -129.84       30.15865   -1.36    0.70
 72236.1       -134.17       35.82152   -3.25    0.94
 79236.1       -138.31       43.78891   -5.47    1.03
 86236.1       -139.63       25.39869   -7.64    0.93
