NUMBER OF MARPTS:    24

 HEIGHTS  TEMPERATURES  REL. HUMIDITY  U-WIND  V-WIND 
     [M]           [C]            [%]   [M/S]   [M/S]

     0.0        -69.14        0.00000    0.00    0.00
     5.5        -68.28        0.02157   -0.60    0.88
    20.0        -61.41        0.00800   -4.30    1.62
    49.4        -59.92        0.00649   -4.44   -0.03
   116.8        -59.39        0.00599   -4.44   -1.89
   253.4        -59.82        0.00627   -3.49   -2.34
   511.0        -60.63        0.00683   -3.49   -2.09
   992.1        -61.37        0.00722   -3.13   -2.18
  1859.2        -62.63        0.00789   -1.76   -2.62
  3323.5        -64.87        0.00964    1.47   -4.09
  5605.4        -69.17        0.01561    6.71   -6.52
  8864.4        -77.13        0.04551   10.62   -8.86
 13136.9        -85.95        0.17948   12.24   -8.91
 18316.5        -93.02        0.58380   12.35   -6.47
 24195.7        -99.85        1.99622    9.18   -3.20
 30563.3       -107.88       10.75614    2.50   -0.68
 37287.7       -115.91       57.14865   -1.56   -0.10
 44236.1       -121.01       94.95009   -1.26   -0.01
 51236.1       -125.74       99.20961   -0.97    0.10
 58236.1       -130.17      100.00000   -0.57    0.21
 65236.1       -134.49      100.00000   -0.45    0.17
 72236.1       -138.61      100.00000   -0.43    0.17
 79236.1       -142.50      100.00000   -0.35    0.18
 86236.1       -146.16      100.00000   -0.22    0.32
