NUMBER OF MARPTS:    24

 HEIGHTS  TEMPERATURES  REL. HUMIDITY  U-WIND  V-WIND 
     [M]           [C]            [%]   [M/S]   [M/S]

     0.0        -63.18        0.00000    0.00    0.00
     5.5        -65.23        0.01776    0.72   -2.26
    20.0        -65.30        0.01789    0.91   -2.74
    49.4        -65.43        0.01818    1.09   -3.09
   116.8        -65.72        0.01884    1.30   -3.36
   253.4        -66.31        0.02027    1.55   -3.46
   511.0        -67.41        0.02290    1.91   -3.05
   992.1        -68.25        0.02447    2.50   -2.90
  1859.2        -69.87        0.02927    3.51   -3.10
  3323.5        -72.41        0.03950    5.37   -3.28
  5605.4        -76.98        0.07365    8.24   -4.66
  8864.4        -83.85        0.22394   12.09   -6.40
 13136.9        -90.54        0.73170   15.14   -5.20
 18316.5        -96.41        2.14524   14.66   -0.58
 24195.7       -101.86        5.61534   10.43    5.08
 30563.3       -107.64       15.75247    5.71    9.17
 37287.7       -115.03       63.88698    1.29    9.24
 44236.1       -121.04       99.48067   -0.31    7.28
 51236.1       -125.75       99.79505    0.05    6.80
 58236.1       -130.18      100.00000    0.32    6.58
 65236.1       -134.49      100.00000    0.56    6.30
 72236.1       -138.61      100.00000    0.88    6.04
 79236.1       -142.50      100.00000    0.96    5.56
 86236.1       -146.04      100.00000    0.99    4.81
