NUMBER OF MARPTS:    24

 HEIGHTS  TEMPERATURES  REL. HUMIDITY  U-WIND  V-WIND 
     [M]           [C]            [%]   [M/S]   [M/S]

     0.0        -57.02        0.00000    0.00    0.00
     5.5        -60.96        0.00000   -0.64   -0.39
    20.0        -61.03        0.00000   -0.75   -0.49
    49.4        -61.16        0.00000   -0.82   -0.59
   116.8        -61.46        0.00000   -0.84   -0.69
   253.4        -62.06        0.00000   -0.80   -0.77
   511.0        -63.20        0.00000   -0.74   -0.96
   992.1        -64.52        0.00000   -0.47   -1.05
  1859.2        -67.02        0.00000   -0.01   -1.09
  3323.5        -71.29        0.00000    0.45   -1.13
  5605.4        -77.74        0.00000    0.65   -0.96
  8864.4        -86.24        0.00000    0.96   -1.10
 13136.9        -93.70        0.00000    2.02   -1.01
 18316.5        -99.08        0.00000    2.94   -0.23
 24195.7       -105.04        0.00000    3.05   -0.23
 30563.3       -110.47        0.00000    3.09   -0.22
 37287.7       -115.81        0.00000    3.15   -0.30
 44236.1       -120.95        0.00000    3.35   -0.49
 51236.1       -125.66        0.00000    3.65   -0.62
 58236.1       -130.06        0.00000    4.00   -0.67
 65236.1       -134.37        0.00000    4.17   -0.83
 72236.1       -138.49        0.00000    4.22   -1.05
 79236.1       -142.39        0.00000    4.22   -1.17
 86236.1       -146.02        0.00000    4.16   -1.37
