NUMBER OF MARPTS:    24

 HEIGHTS  TEMPERATURES  REL. HUMIDITY  U-WIND  V-WIND 
     [M]           [C]            [%]   [M/S]   [M/S]

     0.0        -46.71        0.00000    0.00    0.00
     5.5        -46.07        0.00000    3.52    0.21
    20.0        -46.04        0.00000    4.36    0.30
    49.4        -46.08        0.00000    5.16    0.43
   116.8        -46.28        0.00000    6.10    0.69
   253.4        -46.83        0.00000    6.88    1.13
   511.0        -48.00        0.00000    6.95    1.58
   992.1        -50.22        0.00000    5.83    1.52
  1859.2        -54.21        0.00000    4.08    0.73
  3323.5        -60.72        0.00000    1.81   -0.55
  5605.4        -69.72        0.00000    0.18   -1.59
  8864.4        -82.00        0.00000   -1.33   -1.05
 13136.9        -93.75        0.00000   -2.30   -0.38
 18316.5        -99.78        0.00000   -1.70   -0.31
 24195.7       -105.12        0.00000   -2.02   -0.48
 30563.3       -110.55        0.00000   -1.81   -0.53
 37287.7       -115.78        0.00000   -1.65   -0.49
 44236.1       -120.89        0.00000   -1.06   -0.41
 51236.1       -125.36        0.00000   -0.67   -0.43
 58236.1       -128.50        0.00000   -1.61   -0.25
 65236.1       -129.51        0.00000   -3.02   -0.01
 72236.1       -133.94        0.00000   -4.56    0.12
 79236.1       -138.14        0.00000   -6.50    0.25
 86236.1       -139.68        0.00000   -8.50    0.33
