NUMBER OF MARPTS:    24

 HEIGHTS  TEMPERATURES  REL. HUMIDITY  U-WIND  V-WIND 
     [M]           [C]            [%]   [M/S]   [M/S]

     0.0        -43.09        0.00000    0.00    0.00
     5.5        -44.02        0.00000   -0.71    0.68
    20.0        -44.09        0.00000   -1.26    0.94
    49.4        -42.59        0.00000   -0.99    0.35
   116.8        -41.84        0.00000   -0.13    0.12
   253.4        -42.26        0.00000    0.19    0.07
   511.0        -43.34        0.00000    0.55   -0.07
   992.1        -45.43        0.00000    1.24   -0.32
  1859.2        -49.30        0.00000    1.99   -0.59
  3323.5        -55.74        0.00000    2.54   -0.61
  5605.4        -65.47        0.00000    2.99   -0.91
  8864.4        -77.72        0.00000    3.85   -1.71
 13136.9        -91.09        0.00000    4.26   -2.76
 18316.5        -99.42        0.00000    6.14   -1.32
 24195.7       -105.09        0.00000    6.14   -0.19
 30563.3       -110.54        0.00000    5.91   -0.34
 37287.7       -115.88        0.00000    6.02   -0.17
 44236.1       -120.99        0.00000    6.19   -0.22
 51236.1       -125.73        0.00000    6.51   -0.28
 58236.1       -129.00        0.00000    7.67    0.12
 65236.1       -131.22        0.00000    9.90    0.52
 72236.1       -135.71        0.00000   12.40    0.52
 79236.1       -140.14        0.00000   14.59    0.24
 86236.1       -142.30        0.00000   16.82    0.03
