NUMBER OF MARPTS:    24

 HEIGHTS  TEMPERATURES  REL. HUMIDITY  U-WIND  V-WIND 
     [M]           [C]            [%]   [M/S]   [M/S]

     0.0        -56.19        0.00000    0.00    0.00
     5.5        -54.44        0.00417    0.06   -0.54
    20.0        -51.87        0.00299    1.29   -0.78
    49.4        -51.97        0.00302    1.40   -0.83
   116.8        -51.78        0.00297    1.91   -0.88
   253.4        -51.58        0.00296    1.87   -0.18
   511.0        -52.02        0.00317    0.67    0.52
   992.1        -53.52        0.00376   -0.54    0.25
  1859.2        -56.18        0.00503   -0.69    0.42
  3323.5        -59.91        0.00747   -0.34    0.06
  5605.4        -68.07        0.01946   -2.26    1.71
  8864.4        -80.49        0.10532   -4.52   -0.05
 13136.9        -91.65        0.65437   -8.60    0.06
 18316.5        -99.02        2.38108  -13.18   -0.35
 24195.7       -104.72        6.38342  -13.65   -0.53
 30563.3       -110.19       16.13875  -13.54   -0.46
 37287.7       -115.45       38.91701  -13.13    0.06
 44236.1       -120.67       89.47380  -13.01    0.08
 51236.1       -125.53       95.12830  -13.25   -0.27
 58236.1       -129.90       98.87742  -12.90   -0.02
 65236.1       -133.55      100.00000  -14.25    0.06
 72236.1       -138.43      100.00000  -16.23   -0.16
 79236.1       -142.50      100.00000  -17.34   -0.26
 86236.1       -144.11      100.00000  -21.72   -0.34
