NUMBER OF MARPTS:    24

 HEIGHTS  TEMPERATURES  REL. HUMIDITY  U-WIND  V-WIND 
     [M]           [C]            [%]   [M/S]   [M/S]

     0.0        -51.35        0.00000    0.00    0.00
     5.5        -48.87        0.00198   -0.72   -0.61
    20.0        -46.32        0.00145   -1.12   -0.89
    49.4        -44.67        0.00118   -0.84   -0.70
   116.8        -44.94        0.00121   -0.86   -0.83
   253.4        -45.54        0.00129   -0.92   -0.96
   511.0        -46.73        0.00145   -0.95   -1.09
   992.1        -48.98        0.00182   -0.80   -1.10
  1859.2        -52.99        0.00277   -0.47   -1.52
  3323.5        -59.47        0.00564   -0.33   -2.23
  5605.4        -68.95        0.01745   -0.33   -2.93
  8864.4        -81.84        0.10301    3.57   -0.54
 13136.9        -92.97        0.69336   -2.08    0.13
 18316.5        -98.83        2.05771   -6.31    0.20
 24195.7       -104.50        5.62623  -10.96   -0.44
 30563.3       -110.06       15.89658  -11.85   -0.22
 37287.7       -115.42       41.72363  -12.24    0.21
 44236.1       -120.65       92.87885  -14.06    0.19
 51236.1       -125.45       97.45874  -14.52   -0.31
 58236.1       -130.15      100.00000  -11.84    0.47
 65236.1       -134.25      100.00000   -8.85    0.31
 72236.1       -138.61      100.00000   -7.73   -0.07
 79236.1       -142.50      100.00000   -7.36    0.10
 86236.1       -145.43      100.00000   -8.01    0.17
