NUMBER OF MARPTS:    24

 HEIGHTS  TEMPERATURES  REL. HUMIDITY  U-WIND  V-WIND 
     [M]           [C]            [%]   [M/S]   [M/S]

     0.0        -31.25        0.00000    0.00    0.00
     5.5        -33.89        0.00031   -0.43   -1.47
    20.0        -33.96        0.00031   -0.52   -1.76
    49.4        -34.11        0.00032   -0.60   -2.01
   116.8        -34.44        0.00033   -0.68   -2.26
   253.4        -35.13        0.00035   -0.80   -2.78
   511.0        -36.41        0.00039   -0.57   -2.63
   992.1        -38.79        0.00048    0.22   -1.68
  1859.2        -42.78        0.00072   -0.59   -2.07
  3323.5        -49.17        0.00137   -0.22   -3.54
  5605.4        -59.00        0.00407    0.19   -2.60
  8864.4        -72.20        0.02060   -0.79   -3.19
 13136.9        -88.97        0.23636   -1.29   -2.92
 18316.5        -99.04        1.06788   -0.87   -1.53
 24195.7       -104.37        2.09625   -3.14   -0.14
 30563.3       -110.16        4.84515   -6.68   -0.59
 37287.7       -115.40       11.04057   -6.14   -0.11
 44236.1       -120.76       28.37370   -5.88    0.08
 51236.1       -125.35       68.08319   -5.77   -0.19
 58236.1       -130.14       96.41160   -6.13   -0.49
 65236.1       -132.54       95.93189   -4.14   -0.27
 72236.1       -137.10      100.00000   -1.37   -0.19
 79236.1       -141.45      100.00000   -2.27   -0.10
 86236.1       -143.12      100.00000   -9.36   -1.10
