NUMBER OF MARPTS:    24

 HEIGHTS  TEMPERATURES  REL. HUMIDITY  U-WIND  V-WIND 
     [M]           [C]            [%]   [M/S]   [M/S]

     0.0        -39.08        0.00000    0.00    0.00
     5.5        -42.18        0.00000   -0.21   -1.59
    20.0        -42.25        0.00000   -0.27   -1.91
    49.4        -42.40        0.00000   -0.32   -2.17
   116.8        -42.72        0.00000   -0.41   -2.41
   253.4        -43.38        0.00000   -0.58   -2.74
   511.0        -44.62        0.00000   -1.06   -3.01
   992.1        -46.92        0.00000   -0.79   -4.17
  1859.2        -50.07        0.00000    0.35   -3.78
  3323.5        -56.73        0.00000    4.91   -2.16
  5605.4        -66.68        0.00000    6.29   -1.39
  8864.4        -79.75        0.00000   10.81   -6.19
 13136.9        -92.24        0.00000    4.31   -2.05
 18316.5        -98.76        0.00000   -1.79   -0.13
 24195.7       -104.47        0.00000   -4.95    0.16
 30563.3       -109.80        0.00000   -6.58   -0.46
 37287.7       -115.44        0.00000   -7.32   -0.17
 44236.1       -120.53        0.00000   -8.09   -0.21
 51236.1       -125.36        0.00000   -8.31   -0.44
 58236.1       -130.04        0.00000   -8.75   -0.71
 65236.1       -132.58        0.00000   -6.59   -0.82
 72236.1       -137.15        0.00000   -4.24   -0.88
 79236.1       -141.49        0.00000   -6.69   -0.26
 86236.1       -143.24        0.00000  -15.04   -0.85
