NUMBER OF MARPTS:    24

 HEIGHTS  TEMPERATURES  REL. HUMIDITY  U-WIND  V-WIND 
     [M]           [C]            [%]   [M/S]   [M/S]

     0.0        -55.42        0.00000    0.00    0.00
     5.5        -52.71        0.00000   -0.27   -0.56
    20.0        -50.37        0.00000   -0.53   -0.63
    49.4        -49.40        0.00000   -0.59   -0.78
   116.8        -49.64        0.00000   -0.70   -1.08
   253.4        -50.25        0.00000   -0.78   -1.23
   511.0        -51.43        0.00000   -0.86   -1.27
   992.1        -53.65        0.00000   -0.88   -1.47
  1859.2        -57.57        0.00000   -1.24   -0.22
  3323.5        -63.98        0.00000   -1.76   -0.23
  5605.4        -73.34        0.00000   -0.27    1.51
  8864.4        -85.69        0.00000    4.04    2.68
 13136.9        -93.98        0.00000   -2.89    1.02
 18316.5        -98.77        0.00000   -8.70   -0.20
 24195.7       -104.59        0.00000   -9.83   -0.01
 30563.3       -110.02        0.00000  -10.53   -0.07
 37287.7       -115.52        0.00000  -10.90   -0.07
 44236.1       -120.51        0.00000  -11.82   -0.16
 51236.1       -125.38        0.00000  -12.16   -0.27
 58236.1       -130.14        0.00000  -12.02   -0.48
 65236.1       -134.39        0.00000  -11.03    0.03
 72236.1       -138.61        0.00000  -10.31    0.09
 79236.1       -142.50        0.00000  -10.26    0.22
 86236.1       -145.55        0.00000  -12.60    0.07
