NUMBER OF MARPTS:    24

 HEIGHTS  TEMPERATURES  REL. HUMIDITY  U-WIND  V-WIND 
     [M]           [C]            [%]   [M/S]   [M/S]

     0.0        -41.94        0.00000    0.00    0.00
     5.5        -47.01        0.00000    2.63    1.42
    20.0        -47.08        0.00000    3.19    1.71
    49.4        -47.22        0.00000    3.64    1.94
   116.8        -47.54        0.00000    4.06    2.15
   253.4        -48.18        0.00000    4.35    2.31
   511.0        -49.40        0.00000    3.78    2.83
   992.1        -51.64        0.00000    1.71    4.05
  1859.2        -54.07        0.00000   -1.26    3.34
  3323.5        -58.86        0.00000   -2.69    2.31
  5605.4        -67.74        0.00000   -5.97    2.40
  8864.4        -80.78        0.00000   -6.89   -1.86
 13136.9        -92.65        0.00000  -20.60    0.27
 18316.5        -98.36        0.00000  -25.02    0.07
 24195.7       -104.45        0.00000  -22.42    1.30
 30563.3       -110.07        0.00000  -22.22    0.61
 37287.7       -114.69        0.00000  -18.77    0.48
 44236.1       -120.04        0.00000  -18.69    0.80
 51236.1       -125.12        0.00000  -19.04    1.07
 58236.1       -129.05        0.00000  -19.39    0.93
 65236.1       -129.95        0.00000  -18.87    0.76
 72236.1       -133.56        0.00000  -19.62    0.14
 79236.1       -137.58        0.00000  -21.68    0.00
 86236.1       -139.18        0.00000  -27.34   -0.25
