NUMBER OF MARPTS:    24

 HEIGHTS  TEMPERATURES  REL. HUMIDITY  U-WIND  V-WIND 
     [M]           [C]            [%]   [M/S]   [M/S]

     0.0        -35.02        0.00000    0.00    0.00
     5.5        -39.30        0.00037    3.60    1.05
    20.0        -39.37        0.00037    4.36    1.26
    49.4        -39.51        0.00038    4.97    1.43
   116.8        -39.84        0.00039    5.58    1.61
   253.4        -40.51        0.00042    6.10    1.78
   511.0        -41.77        0.00047    6.40    1.96
   992.1        -44.09        0.00059    5.71    3.44
  1859.2        -46.66        0.00075   -0.47    4.16
  3323.5        -50.20        0.00106   -3.24    2.40
  5605.4        -58.32        0.00249   -4.43    3.06
  8864.4        -71.35        0.01179   -9.57    1.57
 13136.9        -87.01        0.11153  -17.44   -1.24
 18316.5        -98.18        0.71948  -22.53    1.09
 24195.7       -103.17        1.60605  -18.53   -0.13
 30563.3       -110.03        5.62665  -18.56    0.70
 37287.7       -114.98       12.61137  -16.15    0.80
 44236.1       -120.50       33.12523  -16.19    1.45
 51236.1       -125.37       72.75938  -17.69   -0.18
 58236.1       -128.21       76.18309  -19.74    0.77
 65236.1       -128.35       28.87146  -18.25    0.76
 72236.1       -132.70       35.83037  -14.62    0.24
 79236.1       -138.00       62.09546  -18.18    0.44
 86236.1       -138.52       23.54611  -24.99   -0.05
