NUMBER OF MARPTS:    24

 HEIGHTS  TEMPERATURES  REL. HUMIDITY  U-WIND  V-WIND 
     [M]           [C]            [%]   [M/S]   [M/S]

     0.0        -56.18        0.00000    0.00    0.00
     5.5        -55.28        0.00000    0.30   -0.63
    20.0        -54.20        0.00000    1.44   -1.02
    49.4        -53.96        0.00000    2.41   -1.08
   116.8        -53.96        0.00000    3.02   -0.88
   253.4        -53.77        0.00000    3.06   -0.48
   511.0        -53.88        0.00000    2.39    0.31
   992.1        -55.05        0.00000    1.07    0.16
  1859.2        -57.72        0.00000   -1.79   -0.27
  3323.5        -63.12        0.00000   -2.72    2.05
  5605.4        -71.99        0.00000   -8.17    2.55
  8864.4        -84.26        0.00000  -12.93   -1.54
 13136.9        -94.09        0.00000  -17.91   -1.01
 18316.5        -98.66        0.00000  -13.44    0.46
 24195.7       -104.63        0.00000  -14.13   -0.14
 30563.3       -109.88        0.00000  -13.96   -0.15
 37287.7       -115.54        0.00000  -12.49    0.01
 44236.1       -120.71        0.00000  -12.58    0.17
 51236.1       -125.38        0.00000  -12.28   -0.09
 58236.1       -129.96        0.00000  -12.79    0.26
 65236.1       -133.43        0.00000  -14.62    0.18
 72236.1       -138.52        0.00000  -16.87   -0.24
 79236.1       -142.50        0.00000  -18.21   -0.28
 86236.1       -144.24        0.00000  -23.52   -0.19
