NUMBER OF MARPTS:    24

 HEIGHTS  TEMPERATURES  REL. HUMIDITY  U-WIND  V-WIND 
     [M]           [C]            [%]   [M/S]   [M/S]

     0.0        -34.90        0.00000    0.00    0.00
     5.5        -34.06        0.00000   -2.33    1.33
    20.0        -33.95        0.00000   -3.03    1.69
    49.4        -33.88        0.00000   -3.86    2.06
   116.8        -33.91        0.00000   -5.21    2.48
   253.4        -34.34        0.00000   -6.58    2.61
   511.0        -35.58        0.00000   -7.26    2.15
   992.1        -35.59        0.00000   -9.91    0.75
  1859.2        -37.67        0.00000  -12.71    1.40
  3323.5        -43.43        0.00000   -9.61    0.38
  5605.4        -52.85        0.00000   -2.83    1.90
  8864.4        -66.56        0.00000    4.47    0.42
 13136.9        -83.97        0.00000    2.51    0.76
 18316.5        -95.76        0.00000   -3.29   -0.83
 24195.7       -101.60        0.00000   -4.72   -0.17
 30563.3       -107.51        0.00000   -5.49    0.17
 37287.7       -113.31        0.00000   -6.62    0.06
 44236.1       -119.01        0.00000   -7.35    0.01
 51236.1       -124.63        0.00000   -7.77   -0.12
 58236.1       -129.92        0.00000   -8.33   -0.09
 65236.1       -132.84        0.00000   -7.68   -0.22
 72236.1       -137.44        0.00000   -4.50   -0.30
 79236.1       -142.02        0.00000   -6.50    0.04
 86236.1       -143.59        0.00000  -15.10   -0.05
