NUMBER OF MARPTS:    24

 HEIGHTS  TEMPERATURES  REL. HUMIDITY  U-WIND  V-WIND 
     [M]           [C]            [%]   [M/S]   [M/S]

     0.0        -96.98        0.00000    0.00    0.00
     5.5        -96.98        1.32931   -3.13   -1.74
    20.0        -97.00        1.33121   -3.74   -2.08
    49.4        -97.02        1.33506   -4.25   -2.34
   116.8        -97.09        1.34393   -5.00   -2.65
   253.4        -97.22        1.36207   -6.54   -3.22
   511.0        -97.46        1.48727   -7.94   -4.25
   992.1        -97.92        1.70814   -8.87   -2.71
  1859.2        -98.74        2.09101  -10.31   -2.09
  3323.5        -99.95        2.76421  -11.87   -1.51
  5605.4       -101.50        3.71835  -12.39   -0.92
  8864.4       -104.50        5.95998  -11.97   -0.45
 13136.9       -108.46       12.37363  -12.60   -0.81
 18316.5       -112.29       24.19216  -12.76   -0.74
 24195.7       -116.20       45.41357  -12.54   -0.04
 30563.3       -119.62       73.04403  -12.32   -0.06
 37287.7       -122.81       96.01299  -12.34   -0.02
 44236.1       -125.21       96.94999  -12.59    0.20
 51236.1       -127.39       97.41275  -12.53    0.03
 58236.1       -130.28       99.55278  -11.66   -0.09
 65236.1       -133.57      100.00000  -13.46   -0.18
 72236.1       -138.04      100.00000  -16.28   -0.34
 79236.1       -141.99      100.00000  -16.80   -0.39
 86236.1       -143.78      100.00000  -20.74   -0.27
