NUMBER OF MARPTS:    24

 HEIGHTS  TEMPERATURES  REL. HUMIDITY  U-WIND  V-WIND 
     [M]           [C]            [%]   [M/S]   [M/S]

     0.0        -42.71        0.00000    0.00    0.00
     5.5        -44.66        0.00000    3.44   -2.79
    20.0        -44.73        0.00000    4.17   -3.37
    49.4        -44.87        0.00000    4.78   -3.83
   116.8        -45.19        0.00000    5.39   -4.27
   253.4        -45.84        0.00000    6.03   -4.65
   511.0        -46.97        0.00000    8.36   -5.39
   992.1        -46.36        0.00000   11.29   -0.61
  1859.2        -45.91        0.00000    8.45   -2.26
  3323.5        -50.70        0.00000    4.32   -2.47
  5605.4        -59.75        0.00000   -1.52   -1.92
  8864.4        -71.32        0.00000  -10.51    0.01
 13136.9        -87.11        0.00000  -16.90    1.99
 18316.5        -96.03        0.00000  -15.98    0.18
 24195.7       -101.70        0.00000  -15.69   -0.13
 30563.3       -107.32        0.00000  -15.02   -0.23
 37287.7       -113.28        0.00000  -14.22   -0.29
 44236.1       -119.03        0.00000  -14.14   -0.08
 51236.1       -124.64        0.00000  -14.33    0.08
 58236.1       -129.91        0.00000  -14.33    0.05
 65236.1       -133.59        0.00000  -15.10   -0.34
 72236.1       -138.24        0.00000  -16.63   -0.66
 79236.1       -142.48        0.00000  -17.50   -0.84
 86236.1       -144.08        0.00000  -22.72   -0.59
