NUMBER OF MARPTS:    24

 HEIGHTS  TEMPERATURES  REL. HUMIDITY  U-WIND  V-WIND 
     [M]           [C]            [%]   [M/S]   [M/S]

     0.0        -35.22        0.00000    0.00    0.00
     5.5        -34.60        0.00000    3.06   -1.67
    20.0        -34.56        0.00000    3.82   -2.07
    49.4        -34.60        0.00000    4.58   -2.44
   116.8        -34.78        0.00000    5.68   -2.89
   253.4        -35.31        0.00000    6.96   -3.19
   511.0        -36.50        0.00000    7.99   -2.99
   992.1        -38.69        0.00000    9.21   -0.17
  1859.2        -41.83        0.00000    6.83    0.93
  3323.5        -48.06        0.00000    4.32   -1.63
  5605.4        -56.58        0.00000   -0.65   -2.19
  8864.4        -67.43        0.00000   -9.96   -0.47
 13136.9        -83.11        0.00000  -20.36    0.23
 18316.5        -96.04        0.00000  -24.19    0.88
 24195.7       -101.56        0.00000  -24.35   -0.39
 30563.3       -107.27        0.00000  -22.90   -0.43
 37287.7       -113.05        0.00000  -22.19   -0.07
 44236.1       -118.52        0.00000  -21.29   -1.23
 51236.1       -124.19        0.00000  -21.24   -0.72
 58236.1       -128.39        0.00000  -21.20   -1.34
 65236.1       -129.97        0.00000  -20.16    0.10
 72236.1       -134.23        0.00000  -19.71    1.34
 79236.1       -139.36        0.00000  -21.92    0.79
 86236.1       -140.00        0.00000  -28.19    0.64
