NUMBER OF MARPTS:    24

 HEIGHTS  TEMPERATURES  REL. HUMIDITY  U-WIND  V-WIND 
     [M]           [C]            [%]   [M/S]   [M/S]

     0.0        -96.24        0.00000    0.00    0.00
     5.5        -96.24        0.74984   -0.42   -0.68
    20.0        -94.79        0.56004   -0.26   -0.46
    49.4        -94.03        0.48042   -0.01   -0.35
   116.8        -94.05        0.48055   -0.59   -0.77
   253.4        -94.46        0.51414   -1.29   -1.12
   511.0        -95.05        0.56203   -0.86   -1.51
   992.1        -95.86        0.62758    1.71   -0.83
  1859.2        -97.17        0.76224    2.60   -1.12
  3323.5        -98.27        0.86229    0.53   -3.35
  5605.4       -100.84        1.28059   -2.07   -3.00
  8864.4       -103.99        2.06602   -3.72   -2.37
 13136.9       -107.56        3.33458   -5.15   -1.32
 18316.5       -111.65        6.02351   -6.23   -1.27
 24195.7       -115.74       11.19965   -6.56   -0.86
 30563.3       -119.37       20.73249   -7.22   -0.31
 37287.7       -122.48       35.94537   -8.29    0.08
 44236.1       -124.91       56.52550   -9.05    0.23
 51236.1       -127.28       90.62428   -9.00    0.37
 58236.1       -130.47       97.78756   -6.77    0.17
 65236.1       -132.71       99.68299   -5.35   -0.35
 72236.1       -137.66      100.00000   -2.26    0.33
 79236.1       -142.06      100.00000   -2.92    0.38
 86236.1       -143.50      100.00000   -9.74    0.35
