NUMBER OF MARPTS:    24

 HEIGHTS  TEMPERATURES  REL. HUMIDITY  U-WIND  V-WIND 
     [M]           [C]            [%]   [M/S]   [M/S]

     0.0        -39.15        0.00000    0.00    0.00
     5.5        -38.74        0.00000   -2.45    1.65
    20.0        -38.72        0.00000   -3.09    2.05
    49.4        -38.78        0.00000   -3.78    2.42
   116.8        -38.95        0.00000   -4.94    2.89
   253.4        -39.37        0.00000   -6.80    3.09
   511.0        -40.39        0.00000   -8.28    2.50
   992.1        -42.51        0.00000   -8.50    0.79
  1859.2        -44.50        0.00000   -7.57    0.64
  3323.5        -50.20        0.00000   -6.69    1.04
  5605.4        -59.91        0.00000   -2.57    2.33
  8864.4        -73.12        0.00000    6.67    2.48
 13136.9        -88.35        0.00000    3.52    3.35
 18316.5        -96.03        0.00000   -5.57    0.47
 24195.7       -101.48        0.00000   -8.47    0.09
 30563.3       -107.52        0.00000   -9.99    0.02
 37287.7       -113.32        0.00000  -10.52    0.25
 44236.1       -119.02        0.00000  -10.61    0.14
 51236.1       -124.64        0.00000  -11.22   -0.05
 58236.1       -129.92        0.00000  -12.16   -0.89
 65236.1       -134.49        0.00000  -11.30    0.45
 72236.1       -138.61        0.00000  -10.74    0.36
 79236.1       -142.50        0.00000  -10.68    0.50
 86236.1       -145.56        0.00000  -12.72    0.40
