NUMBER OF MARPTS:    24

 HEIGHTS  TEMPERATURES  REL. HUMIDITY  U-WIND  V-WIND 
     [M]           [C]            [%]   [M/S]   [M/S]

     0.0        -96.21        0.00000    0.00    0.00
     5.5        -95.05        0.46385   -2.90   -0.37
    20.0        -94.77        0.43759   -4.00   -0.48
    49.4        -93.67        0.35076   -6.70   -0.74
   116.8        -92.55        0.27966   -8.72   -1.37
   253.4        -92.87        0.29394   -9.06   -1.99
   511.0        -93.34        0.31382  -10.46   -2.77
   992.1        -94.59        0.38343  -11.90   -3.20
  1859.2        -95.45        0.42795  -15.66   -2.53
  3323.5        -98.38        0.72842  -17.20   -1.86
  5605.4       -101.43        1.24190  -16.43   -1.75
  8864.4       -103.79        1.76369  -16.43   -2.15
 13136.9       -107.33        3.11861  -16.94    0.45
 18316.5       -111.18        6.02994  -16.45   -0.59
 24195.7       -115.34       12.73418  -16.33   -0.42
 30563.3       -118.77       22.64454  -14.86    0.02
 37287.7       -122.13       39.69873  -12.36   -0.43
 44236.1       -124.22       50.32234  -11.12   -0.43
 51236.1       -126.20       65.64228  -10.94   -0.56
 58236.1       -128.33       72.39616  -11.52   -0.96
 65236.1       -130.24       53.89328  -14.35   -0.15
 72236.1       -133.92       56.27019  -18.00    0.52
 79236.1       -137.57       49.53089  -19.77    0.54
 86236.1       -138.55       23.87113  -25.10   -0.02
