NUMBER OF MARPTS:    24

 HEIGHTS  TEMPERATURES  REL. HUMIDITY  U-WIND  V-WIND 
     [M]           [C]            [%]   [M/S]   [M/S]

     0.0        -96.96        0.00000    0.00    0.00
     5.5        -96.96        0.88082   -0.62   -1.73
    20.0        -96.97        0.88208   -0.53   -2.69
    49.4        -97.00        0.88465   -0.44   -3.15
   116.8        -96.88        0.85762   -0.09   -3.73
   253.4        -97.19        0.90202    0.12   -3.94
   511.0        -97.44        0.94821   -0.12   -3.44
   992.1        -97.90        1.13984   -1.22   -5.13
  1859.2        -98.03        1.33752   -4.55   -5.72
  3323.5        -99.61        2.03787   -5.67   -4.03
  5605.4       -101.61        3.16468   -7.39   -1.98
  8864.4       -104.37        5.22319   -9.21   -0.47
 13136.9       -108.11        9.56156  -11.36   -0.79
 18316.5       -112.31       20.83653  -12.37   -0.82
 24195.7       -116.27       42.83102  -12.63   -0.45
 30563.3       -119.70       74.35569  -12.49    0.58
 37287.7       -122.57       95.94710  -13.74    0.48
 44236.1       -124.99       97.62799  -15.46   -0.04
 51236.1       -127.41      100.00000  -15.44   -0.69
 58236.1       -130.42      100.00000  -10.72    0.34
 65236.1       -134.32      100.00000   -7.40    0.21
 72236.1       -138.61      100.00000   -7.63    0.16
 79236.1       -142.42      100.00000   -7.39    0.09
 86236.1       -145.49      100.00000   -8.14    0.00
