NUMBER OF MARPTS:    24

 HEIGHTS  TEMPERATURES  REL. HUMIDITY  U-WIND  V-WIND 
     [M]           [C]            [%]   [M/S]   [M/S]

     0.0        -38.92        0.00000    0.00    0.00
     5.5        -41.99        0.00000   -2.96   -0.68
    20.0        -42.06        0.00000   -3.58   -0.79
    49.4        -42.20        0.00000   -4.07   -0.83
   116.8        -42.53        0.00000   -4.52   -0.80
   253.4        -43.19        0.00000   -5.53   -0.14
   511.0        -43.90        0.00000   -4.80    1.06
   992.1        -45.99        0.00000   -2.96    0.92
  1859.2        -46.63        0.00000   -2.83    0.49
  3323.5        -51.12        0.00000   -2.21    0.56
  5605.4        -59.94        0.00000   -1.43    2.04
  8864.4        -72.29        0.00000    0.25   -1.62
 13136.9        -86.43        0.00000   -2.04   -1.30
 18316.5        -95.57        0.00000   -3.65    0.20
 24195.7       -101.63        0.00000   -3.81    0.20
 30563.3       -107.23        0.00000   -4.01    0.16
 37287.7       -113.23        0.00000   -4.54    0.03
 44236.1       -118.81        0.00000   -4.48    0.05
 51236.1       -124.60        0.00000   -4.58   -0.21
 58236.1       -129.75        0.00000   -5.15   -0.13
 65236.1       -133.61        0.00000   -6.24   -0.14
 72236.1       -138.38        0.00000   -5.92   -0.45
 79236.1       -142.28        0.00000   -5.97   -0.56
 86236.1       -144.23        0.00000   -5.89   -0.46
