NUMBER OF MARPTS:    24

 HEIGHTS  TEMPERATURES  REL. HUMIDITY  U-WIND  V-WIND 
     [M]           [C]            [%]   [M/S]   [M/S]

     0.0        -96.07        0.00000    0.00    0.00
     5.5        -96.07        0.80697   -8.98   -0.20
    20.0        -96.08        0.80820  -11.71   -0.25
    49.4        -96.11        0.81072  -12.95   -0.27
   116.8        -96.17        0.81612  -14.23   -0.29
   253.4        -96.31        0.82789  -15.76   -0.28
   511.0        -96.56        0.85268  -18.73    0.03
   992.1        -97.02        0.90649  -19.12    0.55
  1859.2        -97.84        1.01415  -18.81    0.23
  3323.5        -99.22        1.25593  -17.81   -1.16
  5605.4       -101.30        1.86341  -20.50   -2.27
  8864.4       -104.13        3.48502  -21.84   -2.24
 13136.9       -107.72        7.79274  -22.96   -0.09
 18316.5       -111.71       18.01977  -22.89    2.14
 24195.7       -115.55       38.29822  -22.29   -0.79
 30563.3       -119.66       78.63660  -22.07    1.34
 37287.7       -122.80       99.31015  -22.11    0.53
 44236.1       -125.50       99.69850  -22.63    1.26
 51236.1       -126.87       85.64903  -22.90    1.22
 58236.1       -129.94       99.12537  -19.38    0.46
 65236.1       -134.15      100.00000  -16.97    0.03
 72236.1       -138.55      100.00000  -17.43   -0.11
 79236.1       -142.39      100.00000  -17.62   -0.03
 86236.1       -145.53      100.00000  -17.68   -0.15
