NUMBER OF MARPTS:    24

 HEIGHTS  TEMPERATURES  REL. HUMIDITY  U-WIND  V-WIND 
     [M]           [C]            [%]   [M/S]   [M/S]

     0.0        -95.40        0.00000    0.00    0.00
     5.5        -92.44        0.29088   -3.27    0.81
    20.0        -92.11        0.27236   -3.96    1.08
    49.4        -91.63        0.24771   -4.78    1.51
   116.8        -90.47        0.19661   -6.33    3.03
   253.4        -90.80        0.20633   -6.09    3.40
   511.0        -91.50        0.22940   -6.50    3.68
   992.1        -92.53        0.26651   -7.41    3.40
  1859.2        -94.58        0.36640   -6.55    2.25
  3323.5        -97.47        0.58109   -7.48    0.50
  5605.4       -100.35        0.97777   -8.55    0.66
  8864.4       -103.04        1.72270  -12.70    4.96
 13136.9       -106.57        3.79649  -14.92    2.62
 18316.5       -110.90        8.84603  -12.93    4.63
 24195.7       -115.38       21.51445  -14.40    2.29
 30563.3       -118.88       37.83960  -12.45   -0.08
 37287.7       -121.68       51.74223   -8.52    0.93
 44236.1       -124.06       60.72323   -5.67    1.57
 51236.1       -125.59       50.90784   -3.25    1.53
 58236.1       -128.66       63.46458   -0.05    1.47
 65236.1       -129.23       24.50727    0.31    1.82
 72236.1       -133.99       31.83562   -2.61    1.46
 79236.1       -138.06       39.65320   -5.83   -0.07
 86236.1       -138.57       21.67159  -11.21   -0.74
