NUMBER OF MARPTS:    24

 HEIGHTS  TEMPERATURES  REL. HUMIDITY  U-WIND  V-WIND 
     [M]           [C]            [%]   [M/S]   [M/S]

     0.0        -96.15        0.00000    0.00    0.00
     5.5        -96.15        1.09336   -8.08    0.05
    20.0        -96.16        1.09492  -10.02    0.10
    49.4        -96.19        1.09810  -12.01    0.18
   116.8        -96.26        1.10540  -13.29    0.23
   253.4        -96.39        1.12035  -15.15    0.35
   511.0        -96.64        1.16767  -16.34    1.44
   992.1        -97.10        1.24892  -15.15    2.05
  1859.2        -97.93        1.41360  -14.14    2.14
  3323.5        -99.30        1.77990  -14.21    2.90
  5605.4       -101.38        2.69111  -16.60    4.93
  8864.4       -103.83        4.73366  -16.43    4.98
 13136.9       -107.68       11.38647  -16.09    1.34
 18316.5       -111.77       26.22842  -13.76    1.76
 24195.7       -115.56       50.96053  -13.49   -2.89
 30563.3       -119.41       89.26811  -11.41    0.84
 37287.7       -122.62       98.43252  -10.68   -0.07
 44236.1       -125.11       91.37113  -10.12    0.69
 51236.1       -126.89       90.64062   -9.56    0.57
 58236.1       -130.26      100.00000   -9.09    0.01
 65236.1       -133.85      100.00000   -8.50   -0.53
 72236.1       -138.13      100.00000   -5.98   -0.52
 79236.1       -142.11      100.00000   -4.95   -0.46
 86236.1       -144.24      100.00000   -2.44   -0.67
