NUMBER OF MARPTS:    24

 HEIGHTS  TEMPERATURES  REL. HUMIDITY  U-WIND  V-WIND 
     [M]           [C]            [%]   [M/S]   [M/S]

     0.0        -33.18        0.00000    0.00    0.00
     5.5        -32.19        0.00000    2.23    1.14
    20.0        -32.03        0.00000    2.98    1.48
    49.4        -31.86        0.00000    4.00    1.83
   116.8        -31.73        0.00000    5.55    2.06
   253.4        -32.11        0.00000    6.70    1.67
   511.0        -33.29        0.00000    7.15    0.69
   992.1        -34.14        0.00000    5.48   -2.10
  1859.2        -36.43        0.00000    2.66   -3.05
  3323.5        -42.12        0.00000   -1.90   -1.90
  5605.4        -52.06        0.00000   -3.29   -0.87
  8864.4        -66.20        0.00000   -3.27   -0.31
 13136.9        -83.25        0.00000   -5.48    0.30
 18316.5        -95.83        0.00000   -9.33    0.14
 24195.7       -101.64        0.00000  -10.27   -0.09
 30563.3       -107.47        0.00000  -10.57   -0.20
 37287.7       -113.22        0.00000  -11.31   -0.31
 44236.1       -118.99        0.00000  -11.98   -0.30
 51236.1       -124.61        0.00000  -11.99   -0.14
 58236.1       -129.86        0.00000  -13.06   -0.05
 65236.1       -132.73        0.00000  -15.31   -0.32
 72236.1       -137.24        0.00000  -17.36   -0.61
 79236.1       -141.99        0.00000  -21.78   -0.73
 86236.1       -143.14        0.00000  -31.54   -0.84
