NUMBER OF MARPTS:    24

 HEIGHTS  TEMPERATURES  REL. HUMIDITY  U-WIND  V-WIND 
     [M]           [C]            [%]   [M/S]   [M/S]

     0.0        -39.21        0.00000    0.00    0.00
     5.5        -38.22        0.00000   -1.18   -1.98
    20.0        -38.05        0.00000   -1.62   -2.64
    49.4        -37.86        0.00000   -2.30   -3.47
   116.8        -37.73        0.00000   -3.50   -4.41
   253.4        -38.08        0.00000   -4.73   -4.59
   511.0        -38.92        0.00000   -5.51   -3.13
   992.1        -39.34        0.00000   -1.82   -0.77
  1859.2        -42.11        0.00000   -1.15    0.91
  3323.5        -47.26        0.00000   -2.38    1.08
  5605.4        -56.23        0.00000   -3.70    1.00
  8864.4        -68.57        0.00000   -2.59    4.09
 13136.9        -83.52        0.00000   -6.50    1.97
 18316.5        -94.53        0.00000   -7.48    0.84
 24195.7       -101.62        0.00000  -12.05    1.58
 30563.3       -107.30        0.00000  -11.87    0.66
 37287.7       -113.12        0.00000   -7.86   -0.04
 44236.1       -118.66        0.00000   -7.49    0.53
 51236.1       -124.07        0.00000   -6.23    0.75
 58236.1       -128.57        0.00000   -5.98    1.50
 65236.1       -129.77        0.00000   -5.70    0.74
 72236.1       -133.72        0.00000   -5.06    0.20
 79236.1       -139.22        0.00000   -8.37    0.23
 86236.1       -139.78        0.00000  -14.82   -0.15
