NUMBER OF MARPTS:    24

 HEIGHTS  TEMPERATURES  REL. HUMIDITY  U-WIND  V-WIND 
     [M]           [C]            [%]   [M/S]   [M/S]

     0.0        -95.38        0.00000    0.00    0.00
     5.5        -92.32        0.40629   -7.37   -0.63
    20.0        -92.23        0.39827   -9.90   -0.83
    49.4        -92.16        0.39198  -12.77   -1.06
   116.8        -92.28        0.39942  -14.61   -1.22
   253.4        -92.27        0.39506  -17.51   -1.40
   511.0        -92.50        0.40744  -17.12   -1.31
   992.1        -93.38        0.46800  -14.18   -1.33
  1859.2        -95.58        0.68116  -14.75   -0.13
  3323.5        -98.56        1.12661  -14.92    0.43
  5605.4       -100.66        1.48992  -14.09    0.42
  8864.4       -103.56        2.22752  -18.28   -0.85
 13136.9       -106.96        3.57297  -17.75   -1.19
 18316.5       -111.18        6.77196  -16.84    0.38
 24195.7       -115.24       12.94883  -16.63   -0.51
 30563.3       -119.06       25.08793  -15.91   -0.24
 37287.7       -122.58       47.77503  -15.71   -0.48
 44236.1       -125.27       74.36811  -16.06   -0.40
 51236.1       -126.95       88.63397  -15.85   -0.21
 58236.1       -130.12       94.42182  -14.23   -0.14
 65236.1       -132.71       97.52893  -15.70   -0.29
 72236.1       -137.29      100.00000  -17.83   -0.52
 79236.1       -141.77      100.00000  -21.45   -0.52
 86236.1       -142.98       92.74030  -29.90   -0.58
