NUMBER OF MARPTS:    24

 HEIGHTS  TEMPERATURES  REL. HUMIDITY  U-WIND  V-WIND 
     [M]           [C]            [%]   [M/S]   [M/S]

     0.0        -38.60        0.00000    0.00    0.00
     5.5        -37.74        0.00000    1.45    1.25
    20.0        -37.52        0.00000    2.13    1.74
    49.4        -37.05        0.00000    3.42    2.36
   116.8        -36.18        0.00000    5.47    2.38
   253.4        -36.06        0.00000    6.44    1.35
   511.0        -37.07        0.00000    6.54    0.23
   992.1        -38.99        0.00000    3.27   -1.19
  1859.2        -43.08        0.00000    1.25   -0.59
  3323.5        -49.53        0.00000   -0.53    0.21
  5605.4        -58.96        0.00000   -1.88    0.62
  8864.4        -72.63        0.00000   -2.51    0.09
 13136.9        -87.76        0.00000   -8.24   -0.09
 18316.5        -95.73        0.00000  -17.28    0.00
 24195.7       -101.66        0.00000  -19.83   -0.13
 30563.3       -107.38        0.00000  -19.99    0.12
 37287.7       -113.27        0.00000  -20.55   -0.12
 44236.1       -118.99        0.00000  -20.51    0.10
 51236.1       -124.62        0.00000  -20.09   -0.15
 58236.1       -129.92        0.00000  -20.19   -0.15
 65236.1       -134.49        0.00000  -20.09   -0.25
 72236.1       -138.61        0.00000  -19.57   -0.30
 79236.1       -142.50        0.00000  -19.57   -0.31
 86236.1       -145.69        0.00000  -20.24   -0.14
