NUMBER OF MARPTS:    24

 HEIGHTS  TEMPERATURES  REL. HUMIDITY  U-WIND  V-WIND 
     [M]           [C]            [%]   [M/S]   [M/S]

     0.0        -52.15        0.00000    0.00    0.00
     5.5        -51.14        0.00000   -1.12   -1.36
    20.0        -50.81        0.00000   -1.77   -1.98
    49.4        -50.26        0.00000   -2.96   -2.80
   116.8        -49.61        0.00000   -5.05   -3.25
   253.4        -49.66        0.00000   -6.39   -2.75
   511.0        -50.34        0.00000   -6.41   -1.53
   992.1        -50.80        0.00000   -5.36   -0.32
  1859.2        -50.49        0.00000   -4.37    0.70
  3323.5        -54.16        0.00000   -1.11    0.36
  5605.4        -62.61        0.00000   -2.06   -0.06
  8864.4        -73.90        0.00000   -1.78    1.70
 13136.9        -89.68        0.00000   -3.13   -0.99
 18316.5        -96.32        0.00000   -5.28   -0.38
 24195.7       -102.12        0.00000   -5.85    0.36
 30563.3       -108.06        0.00000   -5.78    0.01
 37287.7       -113.70        0.00000   -5.81    0.29
 44236.1       -119.30        0.00000   -6.40    0.14
 51236.1       -124.80        0.00000   -7.21    0.09
 58236.1       -129.97        0.00000   -8.17   -0.17
 65236.1       -133.68        0.00000   -8.05    0.21
 72236.1       -138.43        0.00000   -7.54    0.51
 79236.1       -142.39        0.00000   -7.98    0.37
 86236.1       -144.40        0.00000   -9.70    0.39
