NUMBER OF MARPTS:    24

 HEIGHTS  TEMPERATURES  REL. HUMIDITY  U-WIND  V-WIND 
     [M]           [C]            [%]   [M/S]   [M/S]

     0.0        -32.07        0.00000    0.00    0.00
     5.5        -34.76        0.00000   -1.81    1.76
    20.0        -34.83        0.00000   -2.18    2.13
    49.4        -34.98        0.00000   -2.47    2.42
   116.8        -35.32        0.00000   -2.76    2.72
   253.4        -36.00        0.00000   -3.00    2.99
   511.0        -37.28        0.00000   -3.13    3.12
   992.1        -39.65        0.00000   -2.58    2.09
  1859.2        -40.16        0.00000   -4.99    0.91
  3323.5        -45.05        0.00000   -5.46    1.21
  5605.4        -55.67        0.00000   -4.35    0.72
  8864.4        -69.42        0.00000   -1.60    0.92
 13136.9        -85.84        0.00000   -3.96    0.54
 18316.5        -96.64        0.00000   -9.99    0.12
 24195.7       -102.16        0.00000  -11.22    0.44
 30563.3       -108.06        0.00000  -12.19   -0.52
 37287.7       -113.78        0.00000  -12.14   -0.24
 44236.1       -119.34        0.00000  -12.06   -0.31
 51236.1       -124.85        0.00000  -12.47   -0.37
 58236.1       -129.89        0.00000  -13.24   -0.32
 65236.1       -132.43        0.00000  -15.50   -0.03
 72236.1       -136.85        0.00000  -18.57    0.06
 79236.1       -141.58        0.00000  -21.48    0.05
 86236.1       -142.96        0.00000  -31.37   -0.09
