NUMBER OF MARPTS:    24

 HEIGHTS  TEMPERATURES  REL. HUMIDITY  U-WIND  V-WIND 
     [M]           [C]            [%]   [M/S]   [M/S]

     0.0        -50.65        0.00000    0.00    0.00
     5.5        -50.21        0.00310   -1.63   -1.60
    20.0        -50.17        0.00308   -2.13   -2.04
    49.4        -50.14        0.00306   -2.87   -2.57
   116.8        -50.11        0.00303   -4.36   -3.27
   253.4        -50.29        0.00306   -5.78   -3.35
   511.0        -50.69        0.00314   -5.62   -2.19
   992.1        -48.33        0.00231   -3.72   -0.72
  1859.2        -48.78        0.00249   -3.72   -0.29
  3323.5        -52.86        0.00398   -4.56   -0.14
  5605.4        -59.17        0.00765   -4.67    0.09
  8864.4        -70.44        0.02873   -2.89    0.48
 13136.9        -85.38        0.24588   -4.01    0.82
 18316.5        -96.15        1.37822   -8.72    0.50
 24195.7       -102.42        4.34254  -14.27    2.74
 30563.3       -108.15       11.94463  -12.58    0.43
 37287.7       -113.86       35.77016  -12.72    0.41
 44236.1       -119.32       85.68674  -12.76   -0.11
 51236.1       -124.87       95.60033  -13.21    0.16
 58236.1       -129.90      100.00000  -13.15   -0.10
 65236.1       -133.91      100.00000  -10.43   -0.12
 72236.1       -138.51      100.00000   -7.15   -0.17
 79236.1       -142.39      100.00000   -6.56    0.03
 86236.1       -144.38      100.00000   -5.12   -0.10
