NUMBER OF MARPTS:    24

 HEIGHTS  TEMPERATURES  REL. HUMIDITY  U-WIND  V-WIND 
     [M]           [C]            [%]   [M/S]   [M/S]

     0.0        -37.28        0.00000    0.00    0.00
     5.5        -35.10        0.00051    0.38    0.13
    20.0        -33.21        0.00041    0.80    0.32
    49.4        -32.33        0.00038    1.06    0.30
   116.8        -32.54        0.00038    1.10    0.20
   253.4        -33.19        0.00040    1.06    0.08
   511.0        -34.47        0.00045    0.89   -0.05
   992.1        -36.86        0.00056    0.53   -0.21
  1859.2        -41.12        0.00083   -0.10   -0.38
  3323.5        -48.15        0.00166   -1.12   -0.67
  5605.4        -58.27        0.00489   -0.62   -1.23
  8864.4        -71.42        0.02449    1.25   -0.57
 13136.9        -87.24        0.24555   -9.34    2.24
 18316.5        -96.75        1.09468  -19.18    0.88
 24195.7       -102.29        3.07547  -22.51    0.75
 30563.3       -108.24        9.66167  -21.35   -0.14
 37287.7       -113.93       30.03433  -21.34    0.07
 44236.1       -119.51       81.00107  -21.27    0.23
 51236.1       -124.88       97.03397  -20.84    0.35
 58236.1       -129.90      100.00000  -19.49    0.52
 65236.1       -134.32      100.00000  -17.32   -0.17
 72236.1       -138.61      100.00000  -17.32   -0.57
 79236.1       -142.40      100.00000  -17.64   -0.38
 86236.1       -145.39      100.00000  -18.41   -0.15
