NUMBER OF MARPTS:    24

 HEIGHTS  TEMPERATURES  REL. HUMIDITY  U-WIND  V-WIND 
     [M]           [C]            [%]   [M/S]   [M/S]

     0.0        -41.23        0.00000    0.00    0.00
     5.5        -39.90        0.00000   -0.25    0.27
    20.0        -38.25        0.00000   -0.85    1.44
    49.4        -37.92        0.00000   -1.20    2.02
   116.8        -38.09        0.00000   -1.47    2.40
   253.4        -38.73        0.00000   -1.60    2.50
   511.0        -39.98        0.00000   -1.61    2.35
   992.1        -42.25        0.00000   -1.43    1.15
  1859.2        -46.19        0.00000   -2.34   -1.24
  3323.5        -52.66        0.00000   -3.16   -2.02
  5605.4        -62.54        0.00000   -1.40   -1.55
  8864.4        -75.61        0.00000   -1.93    0.08
 13136.9        -90.10        0.00000   -8.67   -0.97
 18316.5        -96.73        0.00000  -18.66   -0.23
 24195.7       -102.26        0.00000  -20.13    0.28
 30563.3       -108.06        0.00000  -20.36   -0.09
 37287.7       -113.81        0.00000  -20.54   -0.05
 44236.1       -119.42        0.00000  -20.78   -0.09
 51236.1       -124.86        0.00000  -21.27   -0.04
 58236.1       -129.98        0.00000  -21.64   -0.05
 65236.1       -134.49        0.00000  -21.16   -0.07
 72236.1       -138.61        0.00000  -20.26   -0.17
 79236.1       -142.50        0.00000  -19.97   -0.18
 86236.1       -145.54        0.00000  -21.28   -0.13
