NUMBER OF MARPTS:    24

 HEIGHTS  TEMPERATURES  REL. HUMIDITY  U-WIND  V-WIND 
     [M]           [C]            [%]   [M/S]   [M/S]

     0.0        -40.02        0.00000    0.00    0.00
     5.5        -42.93        0.00000   -2.44   -0.97
    20.0        -43.00        0.00000   -2.94   -1.17
    49.4        -43.14        0.00000   -3.34   -1.32
   116.8        -43.47        0.00000   -3.74   -1.47
   253.4        -44.12        0.00000   -4.09   -1.56
   511.0        -45.36        0.00000   -4.53   -1.41
   992.1        -44.82        0.00000   -2.66    0.11
  1859.2        -46.33        0.00000   -3.60    0.38
  3323.5        -50.33        0.00000   -3.85   -0.30
  5605.4        -58.45        0.00000   -1.18    0.42
  8864.4        -70.48        0.00000    1.09    2.08
 13136.9        -86.32        0.00000   -0.40   -1.39
 18316.5        -96.66        0.00000  -10.01    1.33
 24195.7       -101.72        0.00000  -15.13   -0.23
 30563.3       -107.87        0.00000  -12.35   -0.04
 37287.7       -113.40        0.00000   -8.79    0.57
 44236.1       -119.22        0.00000   -7.98    0.53
 51236.1       -124.27        0.00000   -7.79    1.31
 58236.1       -128.90        0.00000   -6.13    0.35
 65236.1       -129.74        0.00000   -3.43    0.39
 72236.1       -133.58        0.00000   -6.42    0.91
 79236.1       -137.98        0.00000   -9.89    0.20
 86236.1       -139.17        0.00000  -17.65    0.96
