NUMBER OF MARPTS:    24

 HEIGHTS  TEMPERATURES  REL. HUMIDITY  U-WIND  V-WIND 
     [M]           [C]            [%]   [M/S]   [M/S]

     0.0        -30.14        0.00000    0.00    0.00
     5.5        -32.94        0.00026   -2.94   -1.56
    20.0        -33.01        0.00026   -3.56   -1.86
    49.4        -33.16        0.00027   -4.05   -2.09
   116.8        -33.50        0.00027   -4.56   -2.28
   253.4        -34.19        0.00029   -5.02   -2.35
   511.0        -35.48        0.00033   -5.26   -2.16
   992.1        -37.87        0.00041   -4.42   -1.16
  1859.2        -38.09        0.00040    2.48    1.25
  3323.5        -42.79        0.00064    0.64    0.73
  5605.4        -48.87        0.00105   -6.18    2.15
  8864.4        -61.61        0.00402   -7.51   -0.13
 13136.9        -77.77        0.03532   -6.59   -1.29
 18316.5        -94.64        0.49685   -8.84    1.94
 24195.7       -102.19        1.83169  -15.63    1.66
 30563.3       -106.94        4.58044  -16.06   -0.31
 37287.7       -113.52       16.11580  -14.33    1.57
 44236.1       -119.50       43.27287   -8.34   -0.14
 51236.1       -124.90       90.05698   -9.64   -1.14
 58236.1       -128.71       78.58484   -7.68   -0.96
 65236.1       -127.75       14.66652   -1.70   -2.13
 72236.1       -133.11       20.52269   -0.49   -0.29
 79236.1       -137.82       34.48715   -3.55    0.46
 86236.1       -138.30       19.77613  -11.48    0.02
