NUMBER OF MARPTS:    24

 HEIGHTS  TEMPERATURES  REL. HUMIDITY  U-WIND  V-WIND 
     [M]           [C]            [%]   [M/S]   [M/S]

     0.0        -20.95        0.00000    0.00    0.00
     5.5        -22.96        0.00012    2.92   -0.61
    20.0        -23.03        0.00012    3.52   -0.74
    49.4        -23.19        0.00013    3.99   -0.86
   116.8        -23.54        0.00013    4.47   -0.99
   253.4        -24.26        0.00014    4.92   -1.14
   511.0        -25.60        0.00015    5.18   -1.23
   992.1        -28.09        0.00019    3.56    0.12
  1859.2        -31.71        0.00026    0.63    0.39
  3323.5        -38.16        0.00047   -2.03    0.83
  5605.4        -48.36        0.00128   -2.76   -0.89
  8864.4        -62.54        0.00616   -2.98   -2.51
 13136.9        -79.14        0.05522   -5.44    0.68
 18316.5        -96.05        0.79425  -11.82   -1.56
 24195.7       -102.56        2.05431  -18.24    0.12
 30563.3       -108.28        4.77239  -16.99   -0.08
 37287.7       -113.95       12.00783  -16.33   -0.09
 44236.1       -119.54       31.05423  -16.11   -0.03
 51236.1       -124.93       85.08689  -15.97   -0.00
 58236.1       -129.86       94.88531  -16.14    0.26
 65236.1       -132.48       92.96401  -16.25    0.24
 72236.1       -136.79      100.00000  -17.48    0.26
 79236.1       -141.60      100.00000  -19.92    0.51
 86236.1       -142.94       99.29665  -28.92    0.24
