NUMBER OF MARPTS:    24

 HEIGHTS  TEMPERATURES  REL. HUMIDITY  U-WIND  V-WIND 
     [M]           [C]            [%]   [M/S]   [M/S]

     0.0        -28.81        0.00000    0.00    0.00
     5.5        -32.03        0.00038   -1.37   -1.19
    20.0        -32.11        0.00038   -1.69   -1.40
    49.4        -32.25        0.00039   -1.97   -1.55
   116.8        -32.60        0.00040   -2.57   -1.81
   253.4        -32.39        0.00038   -2.88   -2.33
   511.0        -33.25        0.00041   -2.81   -2.35
   992.1        -35.59        0.00050   -2.06   -1.68
  1859.2        -39.54        0.00072   -0.84   -0.94
  3323.5        -45.37        0.00123    0.44   -0.57
  5605.4        -54.59        0.00308    1.60   -0.23
  8864.4        -67.98        0.01446    0.86    0.20
 13136.9        -81.50        0.09321   -2.07   -0.84
 18316.5        -95.58        1.00869   -1.17    0.25
 24195.7       -102.08        3.52924   -0.37    0.31
 30563.3       -107.62       12.50664   -0.14    0.89
 37287.7       -113.40       45.95895    0.75    1.26
 44236.1       -119.25       91.64295    1.12    0.89
 51236.1       -124.76       98.42523    0.67    0.79
 58236.1       -129.94      100.00000    0.40    0.62
 65236.1       -134.29      100.00000    0.33    0.72
 72236.1       -138.45      100.00000    0.27    0.62
 79236.1       -142.36      100.00000    0.15    0.45
 86236.1       -145.76      100.00000    0.17    0.31
