NUMBER OF MARPTS:    24

 HEIGHTS  TEMPERATURES  REL. HUMIDITY  U-WIND  V-WIND 
     [M]           [C]            [%]   [M/S]   [M/S]

     0.0        -53.05        0.00000    0.00    0.00
     5.5        -53.23        0.00482   -1.45   -2.40
    20.0        -53.30        0.00486   -1.80   -2.88
    49.4        -53.44        0.00493   -2.14   -3.25
   116.8        -53.74        0.00509   -2.54   -3.50
   253.4        -53.74        0.00502   -3.70   -2.51
   511.0        -52.88        0.00439   -3.41   -1.72
   992.1        -52.93        0.00421   -2.61   -1.51
  1859.2        -53.49        0.00416   -0.46   -1.25
  3323.5        -55.51        0.00485    4.39   -0.99
  5605.4        -60.52        0.00850   11.76    0.12
  8864.4        -71.82        0.03958   17.83    2.92
 13136.9        -82.48        0.20328   17.22    3.21
 18316.5        -91.01        0.86487   10.88    1.58
 24195.7       -100.57        4.85064    4.16    0.65
 30563.3       -107.44       19.33038    1.26    0.43
 37287.7       -112.57       50.49313    1.30    0.46
 44236.1       -119.14       94.07675    1.24    0.40
 51236.1       -124.71       97.85351    0.99   -0.30
 58236.1       -129.91      100.00000    0.76   -0.40
 65236.1       -134.45      100.00000    0.86   -0.25
 72236.1       -138.58      100.00000    0.77    0.07
 79236.1       -142.44      100.00000    0.67    0.41
 86236.1       -145.97      100.00000    0.69    0.82
