NUMBER OF MARPTS:    24

 HEIGHTS  TEMPERATURES  REL. HUMIDITY  U-WIND  V-WIND 
     [M]           [C]            [%]   [M/S]   [M/S]

     0.0        -48.81        0.00000    0.00    0.00
     5.5        -48.87        0.00000   -1.69   -1.76
    20.0        -48.94        0.00000   -2.10   -2.11
    49.4        -49.07        0.00000   -2.53   -2.36
   116.8        -49.33        0.00000   -3.32   -2.50
   253.4        -49.54        0.00000   -4.59   -1.09
   511.0        -47.91        0.00000   -5.38   -0.96
   992.1        -47.30        0.00000   -5.56   -0.76
  1859.2        -48.89        0.00000   -4.97   -0.17
  3323.5        -53.56        0.00000   -4.04    0.27
  5605.4        -61.87        0.00000   -3.75   -0.17
  8864.4        -73.40        0.00000   -2.98   -1.02
 13136.9        -85.47        0.00000    0.30   -0.63
 18316.5        -95.51        0.00000   -1.30   -0.53
 24195.7       -101.63        0.00000   -3.83   -0.05
 30563.3       -107.31        0.00000   -4.14   -0.17
 37287.7       -113.30        0.00000   -5.07   -1.94
 44236.1       -119.06        0.00000   -4.42   -1.90
 51236.1       -124.65        0.00000   -4.59   -2.14
 58236.1       -129.72        0.00000   -4.24   -2.36
 65236.1       -134.22        0.00000   -2.99   -1.94
 72236.1       -138.37        0.00000   -1.60   -1.48
 79236.1       -142.27        0.00000   -0.66   -1.03
 86236.1       -145.88        0.00000    0.28   -0.79
