NUMBER OF MARPTS:    24

 HEIGHTS  TEMPERATURES  REL. HUMIDITY  U-WIND  V-WIND 
     [M]           [C]            [%]   [M/S]   [M/S]

     0.0        -47.49        0.00000    0.00    0.00
     5.5        -46.53        0.00000   -0.76   -1.39
    20.0        -46.25        0.00000   -1.25   -2.02
    49.4        -45.95        0.00000   -1.99   -2.54
   116.8        -45.36        0.00000   -3.57   -2.43
   253.4        -43.47        0.00000   -3.34   -0.70
   511.0        -43.65        0.00000   -2.05   -1.49
   992.1        -44.54        0.00000   -1.12   -0.22
  1859.2        -46.27        0.00000    0.80    1.95
  3323.5        -50.10        0.00000    4.50    4.42
  5605.4        -57.94        0.00000    7.36    7.13
  8864.4        -70.12        0.00000    9.14    8.16
 13136.9        -82.83        0.00000    9.56    8.34
 18316.5        -93.16        0.00000    5.89    5.31
 24195.7       -100.22        0.00000    0.61    0.58
 30563.3       -107.22        0.00000   -1.26   -0.82
 37287.7       -113.38        0.00000   -2.20   -1.00
 44236.1       -118.93        0.00000   -3.87   -0.74
 51236.1       -124.69        0.00000   -5.78   -0.65
 58236.1       -129.78        0.00000   -5.73   -0.84
 65236.1       -132.44        0.00000   -1.74   -1.23
 72236.1       -135.40        0.00000    4.25   -0.99
 79236.1       -139.36        0.00000    9.32    0.08
 86236.1       -141.35        0.00000   14.49    0.56
