NUMBER OF MARPTS:    24

 HEIGHTS  TEMPERATURES  REL. HUMIDITY  U-WIND  V-WIND 
     [M]           [C]            [%]   [M/S]   [M/S]

     0.0        -23.46        0.00000    0.00    0.00
     5.5        -22.47        0.00014   -0.22    3.76
    20.0        -22.36        0.00013   -0.22    4.74
    49.4        -22.26        0.00013   -0.04    5.85
   116.8        -21.89        0.00013    1.28    7.72
   253.4        -21.42        0.00012    3.13    7.94
   511.0        -22.14        0.00013    3.22    7.08
   992.1        -24.55        0.00015    2.91    6.72
  1859.2        -29.01        0.00022    2.85    6.39
  3323.5        -36.18        0.00042    2.94    5.80
  5605.4        -46.11        0.00106    2.56    4.78
  8864.4        -60.41        0.00492    2.54    3.79
 13136.9        -77.30        0.04815    2.31    2.90
 18316.5        -91.60        0.53388    0.24    1.83
 24195.7       -101.70        3.37699   -2.73    0.61
 30563.3       -107.88        9.96734   -4.08    0.11
 37287.7       -113.31       22.71246   -4.03    0.32
 44236.1       -119.30       56.67450   -4.11    0.16
 51236.1       -124.79       88.88239   -4.49   -0.20
 58236.1       -128.33       68.53577   -6.20   -0.12
 65236.1       -130.65       39.07801   -9.80    0.05
 72236.1       -134.91       41.92592  -14.59   -0.08
 79236.1       -139.31       65.46581  -19.57   -0.16
 86236.1       -140.71       46.22377  -23.67   -0.19
