NUMBER OF MARPTS:    24

 HEIGHTS  TEMPERATURES  REL. HUMIDITY  U-WIND  V-WIND 
     [M]           [C]            [%]   [M/S]   [M/S]

     0.0        -29.84        0.00000    0.00    0.00
     5.5        -33.30        0.00000   -0.35    0.64
    20.0        -33.37        0.00000   -0.41    0.80
    49.4        -33.52        0.00000   -0.47    0.81
   116.8        -33.26        0.00000   -0.59    0.08
   253.4        -33.74        0.00000   -0.74   -0.15
   511.0        -34.97        0.00000   -0.87   -0.17
   992.1        -37.32        0.00000   -1.02   -0.09
  1859.2        -41.55        0.00000   -1.12    0.05
  3323.5        -48.55        0.00000   -1.17    0.27
  5605.4        -59.03        0.00000   -1.18    0.45
  8864.4        -72.30        0.00000   -1.39    0.77
 13136.9        -84.86        0.00000   -1.38   -0.10
 18316.5        -96.24        0.00000    0.32    0.26
 24195.7       -101.94        0.00000    0.29   -0.06
 30563.3       -107.73        0.00000    0.19   -0.05
 37287.7       -113.49        0.00000    0.20   -0.09
 44236.1       -119.17        0.00000    0.07   -0.15
 51236.1       -124.72        0.00000   -0.21   -0.22
 58236.1       -129.89        0.00000   -0.32   -0.05
 65236.1       -134.33        0.00000   -0.06    0.20
 72236.1       -138.55        0.00000   -0.01    0.22
 79236.1       -142.43        0.00000   -0.06    0.25
 86236.1       -145.76        0.00000    0.31    0.19
