NUMBER OF MARPTS:    24

 HEIGHTS  TEMPERATURES  REL. HUMIDITY  U-WIND  V-WIND 
     [M]           [C]            [%]   [M/S]   [M/S]

     0.0        -32.35        0.00000    0.00    0.00
     5.5        -29.84        0.00000    0.19    0.45
    20.0        -28.58        0.00000    0.41    0.01
    49.4        -25.63        0.00000    0.64   -1.72
   116.8        -24.89        0.00000    0.76   -2.06
   253.4        -25.38        0.00000    1.01   -2.11
   511.0        -26.66        0.00000    1.22   -2.26
   992.1        -29.11        0.00000    1.32   -2.47
  1859.2        -33.50        0.00000    1.59   -2.59
  3323.5        -40.75        0.00000    2.12   -2.80
  5605.4        -51.63        0.00000    3.01   -3.20
  8864.4        -66.24        0.00000    4.34   -3.76
 13136.9        -83.25        0.00000    4.00   -3.30
 18316.5        -94.98        0.00000   -0.89   -1.65
 24195.7       -101.69        0.00000   -3.16   -0.09
 30563.3       -107.76        0.00000   -2.54    0.26
 37287.7       -113.54        0.00000   -2.83    0.20
 44236.1       -119.21        0.00000   -2.94    0.36
 51236.1       -124.74        0.00000   -3.04    0.39
 58236.1       -128.17        0.00000   -4.79    0.49
 65236.1       -130.08        0.00000   -8.19    0.44
 72236.1       -134.92        0.00000  -12.55    0.00
 79236.1       -139.33        0.00000  -17.04   -0.14
 86236.1       -140.72        0.00000  -20.74   -0.19
