NUMBER OF MARPTS:    24

 HEIGHTS  TEMPERATURES  REL. HUMIDITY  U-WIND  V-WIND 
     [M]           [C]            [%]   [M/S]   [M/S]

     0.0        -39.54        0.00000    0.00    0.00
     5.5        -39.15        0.00042    0.91   -1.76
    20.0        -39.14        0.00042    1.10   -2.24
    49.4        -39.21        0.00042    1.25   -2.80
   116.8        -39.38        0.00042    1.18   -3.72
   253.4        -39.52        0.00043    1.11   -3.58
   511.0        -40.46        0.00048    1.86   -2.47
   992.1        -40.05        0.00057    3.38   -1.21
  1859.2        -38.53        0.00053    6.83   -0.15
  3323.5        -39.75        0.00058   11.77    1.34
  5605.4        -47.11        0.00124   16.99   -0.35
  8864.4        -59.22        0.00452   21.04   -3.27
 13136.9        -74.23        0.02639   20.22   -4.17
 18316.5        -88.79        0.28196   11.05    0.45
 24195.7       -101.29        2.74121   -4.89   -0.73
 30563.3       -107.82       11.52189   -7.14   -1.68
 37287.7       -113.57       36.55836   -5.81   -0.33
 44236.1       -119.06       74.89671   -6.92    0.52
 51236.1       -124.47       89.01976   -8.30    0.73
 58236.1       -129.05       70.76842   -8.86    0.94
 65236.1       -131.52       49.63650   -3.33   -0.19
 72236.1       -135.29       50.82674    5.22   -2.01
 79236.1       -139.57       73.57075   11.73   -2.01
 86236.1       -140.97       47.05250   17.70   -1.83
