NUMBER OF MARPTS:    24

 HEIGHTS  TEMPERATURES  REL. HUMIDITY  U-WIND  V-WIND 
     [M]           [C]            [%]   [M/S]   [M/S]

     0.0        -57.95        0.00000    0.00    0.00
     5.5        -56.47        0.00394   -0.95    1.15
    20.0        -56.04        0.00371   -1.51    1.70
    49.4        -55.57        0.00348   -2.22    2.27
   116.8        -55.52        0.00343   -2.82    2.51
   253.4        -55.02        0.00317   -3.12    1.11
   511.0        -55.08        0.00313   -2.20    0.84
   992.1        -55.26        0.00308   -1.34    1.79
  1859.2        -56.24        0.00323   -0.62    1.50
  3323.5        -59.42        0.00430   -0.33    1.57
  5605.4        -66.26        0.00929    0.58    0.89
  8864.4        -76.72        0.03734    2.32    0.67
 13136.9        -88.04        0.20645    3.31    1.88
 18316.5        -97.56        1.00455    3.94    2.16
 24195.7       -105.00        3.88206    3.16    2.67
 30563.3       -110.96       14.87914    1.86    3.11
 37287.7       -116.21       50.18188    2.46    3.10
 44236.1       -121.25       95.32377    2.61    3.11
 51236.1       -125.85       98.73083    2.95    3.04
 58236.1       -130.16      100.00000    3.59    2.99
 65236.1       -134.31      100.00000    4.27    2.59
 72236.1       -138.44      100.00000    5.07    1.84
 79236.1       -142.33      100.00000    5.23    1.04
 86236.1       -146.00      100.00000    5.06    0.31
