NUMBER OF MARPTS:    24

 HEIGHTS  TEMPERATURES  REL. HUMIDITY  U-WIND  V-WIND 
     [M]           [C]            [%]   [M/S]   [M/S]

     0.0        -63.37        0.00000    0.00    0.00
     5.5        -62.25        0.01103   -0.48    2.64
    20.0        -62.06        0.01073   -0.70    3.49
    49.4        -61.72        0.01020   -1.21    4.71
   116.8        -60.99        0.00915   -2.59    6.04
   253.4        -60.22        0.00809   -4.35    5.14
   511.0        -60.10        0.00771   -3.68    3.96
   992.1        -61.11        0.00839   -3.22    4.02
  1859.2        -63.08        0.01011   -2.20    3.21
  3323.5        -67.35        0.01626   -1.14    3.00
  5605.4        -75.15        0.04691   -0.13    1.63
  8864.4        -85.12        0.23346    1.71   -0.27
 13136.9        -92.57        0.91268    4.41   -1.43
 18316.5        -98.99        3.02060    6.87   -0.97
 24195.7       -105.28       10.53443    7.31    0.47
 30563.3       -110.94       31.40210    6.63    1.26
 37287.7       -116.20       80.73392    6.19    1.29
 44236.1       -121.26       93.17451    5.91    1.14
 51236.1       -125.68       96.32815    5.71    0.76
 58236.1       -129.94      100.00000    5.27    0.49
 65236.1       -134.08      100.00000    4.96    0.13
 72236.1       -138.41      100.00000    4.81   -0.25
 79236.1       -142.41      100.00000    4.54   -0.30
 86236.1       -145.92      100.00000    4.56   -0.30
