NUMBER OF MARPTS:    24

 HEIGHTS  TEMPERATURES  REL. HUMIDITY  U-WIND  V-WIND 
     [M]           [C]            [%]   [M/S]   [M/S]

     0.0        -51.36        0.00000    0.00    0.00
     5.5        -49.77        0.00301   -0.55    0.78
    20.0        -44.77        0.00162   -1.58    1.32
    49.4        -43.50        0.00138   -1.51    1.54
   116.8        -43.62        0.00139   -1.85    2.03
   253.4        -44.23        0.00148   -3.40    2.54
   511.0        -45.46        0.00167   -5.21    3.04
   992.1        -47.20        0.00199   -3.43    1.86
  1859.2        -51.15        0.00298   -2.35    0.67
  3323.5        -57.78        0.00608   -2.54    1.31
  5605.4        -67.72        0.02017   -2.21    2.38
  8864.4        -80.81        0.13219   -2.11    2.44
 13136.9        -93.65        1.10547   -2.76    1.50
 18316.5       -100.44        3.88546   -2.92   -0.79
 24195.7       -105.81       10.96588   -2.54   -0.39
 30563.3       -111.17       28.63511   -2.58   -0.38
 37287.7       -116.43       68.30096   -2.60   -0.37
 44236.1       -121.40       92.16889   -2.70   -0.37
 51236.1       -125.92       91.51049   -2.78   -0.33
 58236.1       -129.65       86.83834   -3.05   -0.35
 65236.1       -131.64       56.92927   -5.07   -0.55
 72236.1       -136.24       72.22855   -8.06   -0.58
 79236.1       -140.55       82.52134  -10.89   -0.44
 86236.1       -141.83       57.84491  -13.39   -0.05
