NUMBER OF MARPTS:    24

 HEIGHTS  TEMPERATURES  REL. HUMIDITY  U-WIND  V-WIND 
     [M]           [C]            [%]   [M/S]   [M/S]

     0.0        -59.06        0.00000    0.00    0.00
     5.5        -57.17        0.00000   -0.80   -0.43
    20.0        -56.11        0.00000   -1.59   -0.92
    49.4        -55.60        0.00000   -2.17   -1.44
   116.8        -55.57        0.00000   -2.45   -2.16
   253.4        -55.80        0.00000   -2.01   -3.38
   511.0        -56.77        0.00000   -0.44   -3.43
   992.1        -58.14        0.00000    1.15   -2.02
  1859.2        -60.36        0.00000    3.34   -1.43
  3323.5        -65.06        0.00000    6.46   -0.34
  5605.4        -73.68        0.00000    9.32   -0.13
  8864.4        -83.08        0.00000   11.27    1.04
 13136.9        -91.76        0.00000   10.98    2.59
 18316.5        -98.22        0.00000    9.55    3.55
 24195.7       -103.47        0.00000    6.77    2.14
 30563.3       -108.83        0.00000    2.96    2.05
 37287.7       -116.14        0.00000   -0.27    2.24
 44236.1       -121.13        0.00000   -1.16    2.63
 51236.1       -125.78        0.00000   -1.14    2.63
 58236.1       -130.07        0.00000   -0.98    2.58
 65236.1       -133.94        0.00000   -0.37    1.71
 72236.1       -137.97        0.00000    0.95    0.68
 79236.1       -142.03        0.00000    2.12    0.06
 86236.1       -145.95        0.00000    2.75   -0.06
