NUMBER OF MARPTS:    24

 HEIGHTS  TEMPERATURES  REL. HUMIDITY  U-WIND  V-WIND 
     [M]           [C]            [%]   [M/S]   [M/S]

     0.0        -34.00        0.00000    0.00    0.00
     5.5        -35.08        0.00023    2.88    2.55
    20.0        -35.16        0.00023    3.47    3.12
    49.4        -35.30        0.00023    3.91    3.61
   116.8        -35.64        0.00024    4.26    4.13
   253.4        -36.32        0.00025    4.39    4.71
   511.0        -37.59        0.00028    4.03    5.39
   992.1        -39.18        0.00036    2.17    5.38
  1859.2        -42.08        0.00050    0.30    3.68
  3323.5        -48.88        0.00101   -0.83    2.14
  5605.4        -59.17        0.00299   -0.60    1.10
  8864.4        -72.29        0.01520   -1.03    0.95
 13136.9        -86.54        0.13214   -2.76    0.79
 18316.5        -97.74        1.03055   -4.28   -0.01
 24195.7       -104.58        3.69762   -5.72    0.16
 30563.3       -110.03        9.49605   -7.30    0.34
 37287.7       -115.31       21.98299   -7.12    0.47
 44236.1       -120.93       53.70883   -7.08    0.90
 51236.1       -125.41       87.50792   -7.75    1.32
 58236.1       -127.00       51.52062   -8.63    1.55
 65236.1       -128.30       24.18328   -9.16    2.04
 72236.1       -133.02       29.78598   -9.04    2.30
 79236.1       -137.33       36.31403   -7.97    1.53
 86236.1       -138.65       23.22426   -6.57    0.47
