NUMBER OF MARPTS:    24

 HEIGHTS  TEMPERATURES  REL. HUMIDITY  U-WIND  V-WIND 
     [M]           [C]            [%]   [M/S]   [M/S]

     0.0        -37.68        0.00000    0.00    0.00
     5.5        -41.47        0.00000    1.23    0.63
    20.0        -41.54        0.00000    1.48    0.79
    49.4        -41.68        0.00000    1.66    0.93
   116.8        -42.01        0.00000    1.82    1.11
   253.4        -42.67        0.00000    1.91    1.36
   511.0        -43.91        0.00000    1.83    1.89
   992.1        -46.21        0.00000    1.64    2.06
  1859.2        -50.30        0.00000    1.50    1.12
  3323.5        -57.04        0.00000    1.26   -0.55
  5605.4        -67.13        0.00000    0.85   -1.38
  8864.4        -79.39        0.00000   -0.02   -1.71
 13136.9        -90.86        0.00000   -1.29   -0.79
 18316.5        -99.27        0.00000   -2.74   -0.25
 24195.7       -105.08        0.00000   -3.89   -0.28
 30563.3       -110.50        0.00000   -4.61   -0.26
 37287.7       -115.78        0.00000   -4.97   -0.48
 44236.1       -120.93        0.00000   -5.44   -0.78
 51236.1       -125.32        0.00000   -6.11   -1.00
 58236.1       -127.47        0.00000   -6.59   -1.28
 65236.1       -128.46        0.00000   -6.18   -1.20
 72236.1       -133.05        0.00000   -6.27   -0.90
 79236.1       -137.91        0.00000   -6.38   -0.86
 86236.1       -139.62        0.00000   -5.49   -1.00
