NUMBER OF MARPTS:    24

 HEIGHTS  TEMPERATURES  REL. HUMIDITY  U-WIND  V-WIND 
     [M]           [C]            [%]   [M/S]   [M/S]

     0.0        -51.95        0.00000    0.00    0.00
     5.5        -50.90        0.00000    3.52    1.03
    20.0        -50.74        0.00000    4.45    1.34
    49.4        -50.56        0.00000    5.64    1.79
   116.8        -50.18        0.00000    7.52    2.72
   253.4        -49.97        0.00000    8.30    3.47
   511.0        -50.82        0.00000    6.97    3.26
   992.1        -52.85        0.00000    5.39    2.75
  1859.2        -56.65        0.00000    4.00    1.98
  3323.5        -63.05        0.00000    2.60    0.86
  5605.4        -72.67        0.00000    1.04   -0.47
  8864.4        -84.90        0.00000   -0.20   -0.39
 13136.9        -94.61        0.00000   -1.56    0.51
 18316.5       -100.02        0.00000   -2.46    0.03
 24195.7       -105.35        0.00000   -3.05    0.01
 30563.3       -110.60        0.00000   -3.75   -0.36
 37287.7       -116.07        0.00000   -4.26   -0.26
 44236.1       -121.24        0.00000   -4.56   -0.14
 51236.1       -125.81        0.00000   -4.52   -0.12
 58236.1       -129.72        0.00000   -5.10   -0.17
 65236.1       -131.97        0.00000   -6.42   -0.29
 72236.1       -136.22        0.00000   -8.40   -0.24
 79236.1       -140.44        0.00000  -10.80   -0.20
 86236.1       -141.79        0.00000  -13.10    0.03
