NUMBER OF MARPTS:    24

 HEIGHTS  TEMPERATURES  REL. HUMIDITY  U-WIND  V-WIND 
     [M]           [C]            [%]   [M/S]   [M/S]

     0.0        -67.79        0.00000    0.00    0.00
     5.5        -65.79        0.00000    0.10    0.44
    20.0        -63.24        0.00000   -1.20    0.21
    49.4        -62.51        0.00000   -2.01   -0.25
   116.8        -62.59        0.00000   -2.18   -0.77
   253.4        -63.10        0.00000   -1.92   -1.16
   511.0        -64.03        0.00000   -1.11   -1.36
   992.1        -65.95        0.00000    0.02   -1.26
  1859.2        -68.26        0.00000    1.35   -0.36
  3323.5        -71.79        0.00000    2.16    0.73
  5605.4        -77.79        0.00000    1.70    1.13
  8864.4        -85.77        0.00000    0.46    0.24
 13136.9        -92.86        0.00000    1.21   -0.73
 18316.5        -97.84        0.00000    3.98   -0.84
 24195.7       -104.38        0.00000    5.00    0.23
 30563.3       -110.91        0.00000    4.13    0.17
 37287.7       -116.19        0.00000    4.22    0.23
 44236.1       -121.21        0.00000    4.23    0.25
 51236.1       -125.79        0.00000    4.26    0.26
 58236.1       -130.12        0.00000    4.14    0.23
 65236.1       -134.30        0.00000    4.11    0.22
 72236.1       -138.54        0.00000    4.18    0.21
 79236.1       -142.50        0.00000    4.18    0.23
 86236.1       -146.00        0.00000    4.36    0.19
