NUMBER OF MARPTS:    24

 HEIGHTS  TEMPERATURES  REL. HUMIDITY  U-WIND  V-WIND 
     [M]           [C]            [%]   [M/S]   [M/S]

     0.0        -75.37        0.00000    0.00    0.00
     5.5        -68.49        0.02069    0.46    0.38
    20.0        -68.40        0.02038    0.61    0.52
    49.4        -68.46        0.02050    0.82    0.78
   116.8        -68.72        0.02116    0.99    1.01
   253.4        -69.27        0.02271    1.24    1.26
   511.0        -70.27        0.02594    1.80    1.48
   992.1        -72.01        0.03289    1.87    1.02
  1859.2        -74.89        0.04900    2.23    0.30
  3323.5        -79.72        0.09967    2.80   -0.22
  5605.4        -86.75        0.31137    3.60   -1.18
  8864.4        -94.31        1.28591    5.72   -1.95
 13136.9        -99.55        4.19276    3.86    0.82
 18316.5       -104.06       10.45189    4.49    1.11
 24195.7       -109.10       29.50154    5.52    1.33
 30563.3       -114.00       66.92685    6.12    0.72
 37287.7       -118.73       96.37904    5.81    0.36
 44236.1       -122.81       89.01852    5.94    0.59
 51236.1       -126.22       94.25451    5.71    0.78
 58236.1       -130.02      100.00000    5.32    1.14
 65236.1       -133.76      100.00000    3.79    0.72
 72236.1       -138.53      100.00000    2.50    0.23
 79236.1       -142.48      100.00000    2.76    0.06
 86236.1       -145.64      100.00000    5.20   -0.01
