NUMBER OF MARPTS:    24

 HEIGHTS  TEMPERATURES  REL. HUMIDITY  U-WIND  V-WIND 
     [M]           [C]            [%]   [M/S]   [M/S]

     0.0        -30.47        0.00000    0.00    0.00
     5.5        -67.53        0.00000    0.27    0.66
    20.0        -67.59        0.00000    0.28    0.78
    49.4        -67.72        0.00000    0.27    0.84
   116.8        -68.01        0.00000    0.22    0.83
   253.4        -68.59        0.00000    0.18    0.76
   511.0        -69.69        0.00000    0.17    0.42
   992.1        -71.72        0.00000    0.53   -0.10
  1859.2        -75.34        0.00000    0.12   -0.59
  3323.5        -81.29        0.00000   -0.53   -1.08
  5605.4        -88.30        0.00000    0.12    2.27
  8864.4        -93.86        0.00000    2.68    1.15
 13136.9        -98.33        0.00000    3.80    0.52
 18316.5       -103.36        0.00000    5.81   -0.62
 24195.7       -108.46        0.00000    4.79   -1.80
 30563.3       -113.29        0.00000    1.50   -2.37
 37287.7       -117.80        0.00000   -1.57   -2.05
 44236.1       -122.44        0.00000   -4.20   -1.34
 51236.1       -125.66        0.00000   -5.93   -0.90
 58236.1       -128.23        0.00000   -7.02   -1.24
 65236.1       -130.59        0.00000   -5.15   -1.21
 72236.1       -134.65        0.00000    1.25   -0.19
 79236.1       -138.18        0.00000    6.00    0.90
 86236.1       -139.54        0.00000    9.56    1.00
