NUMBER OF MARPTS:    24

 HEIGHTS  TEMPERATURES  REL. HUMIDITY  U-WIND  V-WIND 
     [M]           [C]            [%]   [M/S]   [M/S]

     0.0        -72.76        0.00000    0.00    0.00
     5.5        -70.05        0.02010   -0.44   -0.67
    20.0        -67.85        0.01442   -0.07   -0.99
    49.4        -67.39        0.01343    0.53   -1.01
   116.8        -67.58        0.01372    0.92   -0.91
   253.4        -68.10        0.01463    1.04   -0.88
   511.0        -69.13        0.01663    0.64   -0.80
   992.1        -71.07        0.02129    0.06   -0.84
  1859.2        -74.35        0.03263   -1.33   -0.37
  3323.5        -79.08        0.06115   -1.11   -0.17
  5605.4        -85.40        0.14942   -3.45   -0.93
  8864.4        -92.60        0.53448   -6.69   -0.78
 13136.9        -98.89        1.96101   -8.12   -0.67
 18316.5       -103.64        5.39323   -7.61   -0.52
 24195.7       -108.84       15.35548   -6.73    0.25
 30563.3       -113.87       38.92294   -5.60    0.25
 37287.7       -118.52       76.25068   -5.34   -0.27
 44236.1       -122.91       95.04782   -5.77   -0.60
 51236.1       -126.11       92.84877   -5.41   -0.66
 58236.1       -130.28      100.00000   -5.98   -0.51
 65236.1       -134.20      100.00000   -6.82   -0.23
 72236.1       -138.57      100.00000   -7.25   -0.16
 79236.1       -142.44      100.00000   -7.22   -0.18
 86236.1       -145.62      100.00000   -6.93   -0.28
