NUMBER OF MARPTS:    24

 HEIGHTS  TEMPERATURES  REL. HUMIDITY  U-WIND  V-WIND 
     [M]           [C]            [%]   [M/S]   [M/S]

     0.0        -77.34        0.00000    0.00    0.00
     5.5        -75.05        0.00000   -0.91    0.17
    20.0        -71.83        0.00000   -0.98    1.97
    49.4        -71.71        0.00000   -0.71    2.37
   116.8        -71.85        0.00000   -0.67    2.77
   253.4        -72.38        0.00000   -0.74    3.08
   511.0        -73.41        0.00000   -0.67    3.47
   992.1        -75.15        0.00000   -1.10    3.06
  1859.2        -77.76        0.00000   -0.68    2.08
  3323.5        -81.99        0.00000   -1.27    0.46
  5605.4        -87.77        0.00000   -3.54    0.01
  8864.4        -93.74        0.00000   -5.16    0.08
 13136.9        -99.02        0.00000   -5.95    0.10
 18316.5       -104.05        0.00000   -6.39    0.25
 24195.7       -109.04        0.00000   -6.84    0.01
 30563.3       -113.98        0.00000   -7.45    0.01
 37287.7       -118.55        0.00000   -7.13   -0.09
 44236.1       -122.85        0.00000   -7.34    0.01
 51236.1       -126.21        0.00000   -7.12   -0.09
 58236.1       -130.29        0.00000   -7.16   -0.14
 65236.1       -134.29        0.00000   -7.35   -0.07
 72236.1       -138.61        0.00000   -7.53   -0.13
 79236.1       -142.50        0.00000   -7.52   -0.07
 86236.1       -145.63        0.00000   -6.93   -0.04
