NUMBER OF MARPTS:    24

 HEIGHTS  TEMPERATURES  REL. HUMIDITY  U-WIND  V-WIND 
     [M]           [C]            [%]   [M/S]   [M/S]

     0.0        -41.29        0.00000    0.00    0.00
     5.5        -56.11        0.00274    2.06   -1.52
    20.0        -56.18        0.00276    2.47   -1.84
    49.4        -56.31        0.00280    2.80   -2.11
   116.8        -56.62        0.00290    3.12   -2.38
   253.4        -57.23        0.00310    3.42   -2.67
   511.0        -58.39        0.00354    3.71   -3.01
   992.1        -60.54        0.00452    3.68   -3.83
  1859.2        -64.36        0.00710    2.71   -3.53
  3323.5        -70.64        0.01558    1.06   -2.72
  5605.4        -80.03        0.05756   -0.81   -2.63
  8864.4        -90.10        0.30811   -3.38   -1.77
 13136.9        -98.36        1.45241   -3.99   -0.65
 18316.5       -103.67        3.41350   -4.44   -0.74
 24195.7       -108.40        7.13475   -4.67   -0.09
 30563.3       -113.70       18.48693   -4.13    0.20
 37287.7       -118.36       37.26462   -4.16    0.14
 44236.1       -122.70       69.27336   -4.29    0.09
 51236.1       -125.93       73.32672   -4.50    0.34
 58236.1       -129.46       74.06955   -6.38    0.41
 65236.1       -131.22       45.17834  -11.22    0.27
 72236.1       -135.85       70.75005  -17.59    0.09
 79236.1       -140.01       77.45976  -23.55    0.88
 86236.1       -141.23       55.64594  -29.05    1.16
