NUMBER OF MARPTS:    24

 HEIGHTS  TEMPERATURES  REL. HUMIDITY  U-WIND  V-WIND 
     [M]           [C]            [%]   [M/S]   [M/S]

     0.0        -79.99        0.00000    0.00    0.00
     5.5        -74.30        0.00000    0.98    0.16
    20.0        -74.19        0.00000    1.21    0.32
    49.4        -74.23        0.00000    1.48    0.55
   116.8        -74.47        0.00000    1.73    0.74
   253.4        -75.00        0.00000    2.10    0.90
   511.0        -75.89        0.00000    3.21    0.76
   992.1        -77.50        0.00000    4.08   -0.15
  1859.2        -80.06        0.00000    4.60   -0.83
  3323.5        -83.93        0.00000    5.57   -1.35
  5605.4        -89.05        0.00000    6.81   -1.39
  8864.4        -94.55        0.00000    8.09   -1.07
 13136.9        -98.95        0.00000    6.15   -1.49
 18316.5       -103.51        0.00000    4.50   -2.63
 24195.7       -108.96        0.00000    2.88   -3.27
 30563.3       -114.03        0.00000    1.38   -2.09
 37287.7       -118.71        0.00000    1.42   -0.81
 44236.1       -122.89        0.00000    2.44   -0.70
 51236.1       -126.19        0.00000    2.44   -0.89
 58236.1       -130.03        0.00000    2.76   -0.55
 65236.1       -133.69        0.00000    3.77   -0.05
 72236.1       -138.29        0.00000    3.70    0.31
 79236.1       -142.34        0.00000    3.29    0.35
 86236.1       -145.40        0.00000    5.74    0.49
