NUMBER OF MARPTS:    24

 HEIGHTS  TEMPERATURES  REL. HUMIDITY  U-WIND  V-WIND 
     [M]           [C]            [%]   [M/S]   [M/S]

     0.0        -50.93        0.00000    0.00    0.00
     5.5        -63.65        0.00000   -2.29   -2.23
    20.0        -63.71        0.00000   -2.76   -2.67
    49.4        -63.84        0.00000   -3.15   -3.04
   116.8        -64.13        0.00000   -3.55   -3.38
   253.4        -64.73        0.00000   -3.96   -3.66
   511.0        -65.85        0.00000   -4.47   -3.82
   992.1        -67.92        0.00000   -5.21   -3.16
  1859.2        -71.61        0.00000   -4.95   -1.51
  3323.5        -77.67        0.00000   -4.20   -0.22
  5605.4        -86.61        0.00000   -0.66   -0.58
  8864.4        -94.10        0.00000   -0.66   -0.68
 13136.9        -99.14        0.00000   -1.86   -0.99
 18316.5       -103.67        0.00000   -2.40   -0.34
 24195.7       -108.80        0.00000   -2.87    0.53
 30563.3       -113.70        0.00000   -2.47    0.47
 37287.7       -118.35        0.00000   -2.20    0.15
 44236.1       -122.69        0.00000   -2.48    0.21
 51236.1       -125.91        0.00000   -2.67    0.31
 58236.1       -128.96        0.00000   -4.95    0.11
 65236.1       -130.98        0.00000  -10.26    0.54
 72236.1       -135.52        0.00000  -16.37    0.73
 79236.1       -140.08        0.00000  -22.38    0.76
 86236.1       -141.27        0.00000  -28.01    0.66
