NUMBER OF MARPTS:    24

 HEIGHTS  TEMPERATURES  REL. HUMIDITY  U-WIND  V-WIND 
     [M]           [C]            [%]   [M/S]   [M/S]

     0.0        -38.35        0.00000    0.00    0.00
     5.5        -57.47        0.00304    2.39   -0.37
    20.0        -57.54        0.00306    2.87   -0.49
    49.4        -57.67        0.00311    3.26   -0.63
   116.8        -57.97        0.00321    3.58   -0.83
   253.4        -58.59        0.00345    3.74   -1.08
   511.0        -59.74        0.00393    3.91   -1.50
   992.1        -61.87        0.00504    3.65   -2.24
  1859.2        -65.66        0.00794    1.79   -0.97
  3323.5        -71.45        0.01862    2.84    0.39
  5605.4        -79.31        0.06026    4.13    0.44
  8864.4        -88.61        0.28877    5.61    1.35
 13136.9        -96.28        1.13316    6.35    2.08
 18316.5       -102.24        2.51113    6.55    4.33
 24195.7       -108.52        7.50496    8.81    3.93
 30563.3       -113.99       27.94751    5.95    1.43
 37287.7       -118.69       73.17114    3.91    1.23
 44236.1       -122.58       86.72850    3.83    1.03
 51236.1       -125.38       61.23905    3.96    1.64
 58236.1       -128.38       52.13794    3.95    1.73
 65236.1       -129.53       19.53257    4.84    0.90
 72236.1       -133.21       16.34343    8.31    0.44
 79236.1       -136.77       22.00382   12.89    0.58
 86236.1       -138.41       19.53738   17.49    0.88
