NUMBER OF MARPTS:    24

 HEIGHTS  TEMPERATURES  REL. HUMIDITY  U-WIND  V-WIND 
     [M]           [C]            [%]   [M/S]   [M/S]

     0.0        -49.98        0.00000    0.00    0.00
     5.5        -51.02        0.00291   -1.92    1.49
    20.0        -51.08        0.00293   -2.34    1.79
    49.4        -51.22        0.00297   -2.69    2.02
   116.8        -51.53        0.00307   -3.00    2.18
   253.4        -52.17        0.00328   -3.17    2.14
   511.0        -53.36        0.00373   -2.43    1.26
   992.1        -54.66        0.00422   -1.49    0.52
  1859.2        -56.19        0.00470   -1.97    0.93
  3323.5        -60.14        0.00690   -1.57    1.61
  5605.4        -67.13        0.01632   -0.16    1.65
  8864.4        -77.78        0.07594    3.22    1.25
 13136.9        -89.52        0.49693    8.43    0.81
 18316.5        -97.72        2.28446   10.55    0.46
 24195.7       -103.63        7.98304   10.42   -0.23
 30563.3       -108.88       23.04983    9.06   -0.68
 37287.7       -114.69       66.17356    8.08   -1.81
 44236.1       -120.27       93.38967    7.00   -1.71
 51236.1       -125.36       97.70226    6.31   -1.65
 58236.1       -130.08      100.00000    5.80   -1.45
 65236.1       -134.33      100.00000    5.40   -1.19
 72236.1       -138.46      100.00000    4.84   -1.14
 79236.1       -142.41      100.00000    4.44   -1.01
 86236.1       -145.70      100.00000    4.10   -0.96
