NUMBER OF MARPTS:    24

 HEIGHTS  TEMPERATURES  REL. HUMIDITY  U-WIND  V-WIND 
     [M]           [C]            [%]   [M/S]   [M/S]

     0.0        -52.50        0.00000    0.00    0.00
     5.5        -53.36        0.00000   -2.87    1.28
    20.0        -53.42        0.00000   -3.49    1.54
    49.4        -53.56        0.00000   -4.02    1.73
   116.8        -53.87        0.00000   -4.51    1.84
   253.4        -54.50        0.00000   -4.84    1.79
   511.0        -55.68        0.00000   -4.62    1.06
   992.1        -57.70        0.00000   -2.59    0.19
  1859.2        -60.30        0.00000   -0.20   -0.35
  3323.5        -64.87        0.00000    1.86   -2.06
  5605.4        -72.16        0.00000    3.97   -2.77
  8864.4        -81.67        0.00000    6.31   -2.22
 13136.9        -90.48        0.00000    6.67   -2.34
 18316.5        -96.61        0.00000    7.21   -1.78
 24195.7       -103.15        0.00000    7.57    0.25
 30563.3       -109.12        0.00000    5.77    0.60
 37287.7       -114.88        0.00000    5.46   -0.08
 44236.1       -120.25        0.00000    5.01   -0.04
 51236.1       -125.29        0.00000    4.68   -0.36
 58236.1       -129.99        0.00000    4.66   -0.14
 65236.1       -134.23        0.00000    4.80   -0.09
 72236.1       -138.51        0.00000    4.47   -0.37
 79236.1       -142.40        0.00000    4.09   -0.47
 86236.1       -145.63        0.00000    4.31   -0.52
