NUMBER OF MARPTS:    24

 HEIGHTS  TEMPERATURES  REL. HUMIDITY  U-WIND  V-WIND 
     [M]           [C]            [%]   [M/S]   [M/S]

     0.0        -15.59        0.00000    0.00    0.00
     5.5        -25.87        0.00011   -1.06    2.80
    20.0        -25.94        0.00011   -1.32    3.34
    49.4        -26.09        0.00011   -1.56    3.72
   116.8        -26.44        0.00012   -1.84    3.94
   253.4        -27.15        0.00013   -2.20    3.89
   511.0        -28.48        0.00014   -2.79    3.56
   992.1        -30.85        0.00017   -3.54    3.45
  1859.2        -34.74        0.00023   -4.36    2.53
  3323.5        -40.92        0.00039   -5.58    1.18
  5605.4        -51.45        0.00110   -5.67    0.19
  8864.4        -65.29        0.00554   -6.45   -0.04
 13136.9        -81.58        0.05642   -6.98   -1.85
 18316.5        -95.84        0.64907   -8.10   -1.91
 24195.7       -104.10        3.23556   -9.80    0.36
 30563.3       -109.60        9.22010   -9.20    0.43
 37287.7       -114.84       21.93493   -9.12    0.08
 44236.1       -120.24       50.54585  -10.32   -0.41
 51236.1       -125.05       84.88175  -11.28   -0.25
 58236.1       -126.98       52.30156  -12.99    0.05
 65236.1       -127.86       20.10335  -14.41   -1.11
 72236.1       -131.50       17.55657  -15.31   -1.95
 79236.1       -135.71       20.54792  -15.62   -1.47
 86236.1       -138.03       18.88377  -15.54   -1.14
