NUMBER OF MARPTS:    24

 HEIGHTS  TEMPERATURES  REL. HUMIDITY  U-WIND  V-WIND 
     [M]           [C]            [%]   [M/S]   [M/S]

     0.0        -39.63        0.00000    0.00    0.00
     5.5        -38.37        0.00086   -0.11    0.53
    20.0        -37.31        0.00076   -0.65    1.46
    49.4        -37.00        0.00074   -1.13    2.08
   116.8        -37.18        0.00075   -1.55    2.48
   253.4        -37.82        0.00079   -1.84    2.72
   511.0        -39.08        0.00089   -1.91    3.04
   992.1        -41.41        0.00110   -1.62    3.64
  1859.2        -45.51        0.00165   -1.15    4.62
  3323.5        -51.94        0.00325   -1.38    5.15
  5605.4        -61.30        0.00941   -1.72    3.13
  8864.4        -74.41        0.04974   -2.49    0.09
 13136.9        -89.61        0.53465   -1.93   -0.92
 18316.5        -98.27        2.64915   -4.77   -0.54
 24195.7       -104.10        8.13800   -6.52    0.25
 30563.3       -109.65       23.64732   -6.39    0.28
 37287.7       -115.14       62.19332   -6.51    0.45
 44236.1       -120.44       91.22209   -6.77    0.49
 51236.1       -125.43       91.61158   -7.15    0.75
 58236.1       -130.09       89.39680   -7.07    1.00
 65236.1       -132.16       74.58560   -7.99    0.84
 72236.1       -136.73       85.20631  -10.75    0.88
 79236.1       -141.10       89.01925  -14.16    1.02
 86236.1       -142.29       71.25344  -17.19    0.86
