NUMBER OF MARPTS:    24

 HEIGHTS  TEMPERATURES  REL. HUMIDITY  U-WIND  V-WIND 
     [M]           [C]            [%]   [M/S]   [M/S]

     0.0        -35.60        0.00000    0.00    0.00
     5.5        -48.09        0.00000   -0.11    0.11
    20.0        -48.16        0.00000   -0.21   -0.05
    49.4        -48.30        0.00000   -0.56   -0.47
   116.8        -48.28        0.00000   -1.56   -1.21
   253.4        -48.55        0.00000   -2.11   -1.18
   511.0        -49.49        0.00000   -1.72   -1.21
   992.1        -50.92        0.00000   -0.43   -0.54
  1859.2        -53.68        0.00000    1.41   -0.22
  3323.5        -58.23        0.00000    3.64   -0.29
  5605.4        -66.27        0.00000    6.88    0.05
  8864.4        -77.33        0.00000   11.21   -0.43
 13136.9        -88.79        0.00000   13.07    0.88
 18316.5        -96.77        0.00000   11.31    1.68
 24195.7       -103.24        0.00000    8.93    1.40
 30563.3       -107.36        0.00000    9.32   -2.09
 37287.7       -112.83        0.00000    9.58   -4.00
 44236.1       -119.66        0.00000    6.99   -2.34
 51236.1       -125.20        0.00000    4.32   -1.40
 58236.1       -129.88        0.00000    4.12   -1.76
 65236.1       -134.07        0.00000    5.27   -1.82
 72236.1       -138.61        0.00000    5.96   -1.32
 79236.1       -142.50        0.00000    6.05   -0.82
 86236.1       -145.75        0.00000    8.76   -0.63
