NUMBER OF MARPTS:    24

 HEIGHTS  TEMPERATURES  REL. HUMIDITY  U-WIND  V-WIND 
     [M]           [C]            [%]   [M/S]   [M/S]

     0.0        -37.63        0.00000    0.00    0.00
     5.5        -40.07        0.00064   -2.20    0.17
    20.0        -40.14        0.00065   -2.66    0.14
    49.4        -40.28        0.00065   -3.01    0.08
   116.8        -40.61        0.00068   -3.60   -0.12
   253.4        -41.28        0.00072   -4.17   -0.42
   511.0        -41.02        0.00068   -4.29    0.74
   992.1        -41.43        0.00069   -2.84    2.67
  1859.2        -43.33        0.00080   -0.42    4.35
  3323.5        -48.03        0.00124    0.78    6.33
  5605.4        -56.43        0.00293    0.84    8.30
  8864.4        -69.98        0.01460   -0.47    5.03
 13136.9        -87.30        0.17109   -1.14    2.69
 18316.5        -98.37        1.01586    1.44    4.61
 24195.7       -103.87        2.74860    2.39    3.65
 30563.3       -108.79        8.13143    2.15    3.17
 37287.7       -114.77       34.64883    3.90    2.50
 44236.1       -120.10       92.55695    3.83    2.00
 51236.1       -125.36       96.74850    3.83    2.19
 58236.1       -129.77      100.00000    3.57    2.17
 65236.1       -133.95      100.00000    4.75    1.41
 72236.1       -138.19      100.00000    5.62    0.62
 79236.1       -142.09      100.00000    5.71    0.26
 86236.1       -145.66      100.00000    7.49    0.02
