NUMBER OF MARPTS:    24

 HEIGHTS  TEMPERATURES  REL. HUMIDITY  U-WIND  V-WIND 
     [M]           [C]            [%]   [M/S]   [M/S]

     0.0        -28.53        0.00000    0.00    0.00
     5.5        -35.75        0.00000    0.27   -4.50
    20.0        -35.82        0.00000    0.38   -5.42
    49.4        -35.97        0.00000    0.50   -6.14
   116.8        -36.30        0.00000    0.68   -6.87
   253.4        -36.98        0.00000    0.92   -7.57
   511.0        -38.25        0.00000    1.01   -8.21
   992.1        -40.48        0.00000   -1.21  -10.55
  1859.2        -44.43        0.00000    0.78  -10.84
  3323.5        -50.82        0.00000    1.28   -9.07
  5605.4        -60.29        0.00000   -3.53   -8.08
  8864.4        -73.71        0.00000   -3.39   -6.29
 13136.9        -86.91        0.00000   -6.43   -2.71
 18316.5        -97.48        0.00000   -9.39   -1.06
 24195.7       -103.48        0.00000  -10.50   -0.36
 30563.3       -109.47        0.00000  -10.12   -0.08
 37287.7       -115.03        0.00000  -10.65   -0.12
 44236.1       -120.35        0.00000  -10.87   -0.21
 51236.1       -125.38        0.00000  -11.07    0.71
 58236.1       -128.41        0.00000  -12.15    1.07
 65236.1       -129.48        0.00000  -12.48    0.29
 72236.1       -133.27        0.00000  -13.15   -0.32
 79236.1       -137.49        0.00000  -14.45   -1.38
 86236.1       -139.30        0.00000  -14.90   -2.02
