NUMBER OF MARPTS:    24

 HEIGHTS  TEMPERATURES  REL. HUMIDITY  U-WIND  V-WIND 
     [M]           [C]            [%]   [M/S]   [M/S]

     0.0        -47.76        0.00000    0.00    0.00
     5.5        -45.21        0.00000    0.19    0.42
    20.0        -42.71        0.00000   -0.48    1.93
    49.4        -41.99        0.00000   -1.28    2.91
   116.8        -41.84        0.00000   -2.23    3.74
   253.4        -42.38        0.00000   -2.79    4.01
   511.0        -43.60        0.00000   -2.94    3.96
   992.1        -45.89        0.00000   -2.68    3.70
  1859.2        -49.96        0.00000   -2.05    3.34
  3323.5        -56.64        0.00000   -1.14    3.55
  5605.4        -66.26        0.00000   -0.97    2.48
  8864.4        -78.47        0.00000   -2.07   -0.63
 13136.9        -92.22        0.00000   -1.09   -1.72
 18316.5        -98.30        0.00000   -3.71   -1.28
 24195.7       -103.92        0.00000   -4.07   -0.37
 30563.3       -109.52        0.00000   -4.26   -0.48
 37287.7       -114.91        0.00000   -4.09   -0.67
 44236.1       -120.32        0.00000   -4.18   -0.78
 51236.1       -125.30        0.00000   -4.51   -0.81
 58236.1       -129.22        0.00000   -5.07   -0.60
 65236.1       -132.12        0.00000   -7.76    0.11
 72236.1       -137.04        0.00000  -11.43    0.82
 79236.1       -141.35        0.00000  -14.40    1.23
 86236.1       -142.36        0.00000  -17.30    1.23
