NUMBER OF MARPTS:    24

 HEIGHTS  TEMPERATURES  REL. HUMIDITY  U-WIND  V-WIND 
     [M]           [C]            [%]   [M/S]   [M/S]

     0.0        -31.24        0.00000    0.00    0.00
     5.5        -43.74        0.00065   -1.36   -1.70
    20.0        -43.81        0.00065   -1.65   -2.03
    49.4        -43.96        0.00066   -1.91   -2.28
   116.8        -44.28        0.00068   -2.25   -2.45
   253.4        -44.93        0.00073   -2.77   -2.18
   511.0        -45.57        0.00082   -1.80    2.01
   992.1        -46.08        0.00087    0.90    3.72
  1859.2        -48.32        0.00117    2.62    4.08
  3323.5        -53.32        0.00199    3.22    3.28
  5605.4        -62.09        0.00528    3.81    1.31
  8864.4        -73.99        0.02324    6.37    0.90
 13136.9        -87.64        0.25224    8.35    0.53
 18316.5        -98.22        1.98790   11.41    2.87
 24195.7       -103.46        5.36434   10.55    3.98
 30563.3       -109.54       17.42709    8.98    1.40
 37287.7       -115.38       46.79864    4.47   -0.84
 44236.1       -120.63       83.89918    1.29   -1.09
 51236.1       -125.03       63.61970    1.37   -0.74
 58236.1       -128.42       51.22124    2.39    0.27
 65236.1       -130.23       25.04367    4.93    0.60
 72236.1       -134.43       28.75593    9.58    0.36
 79236.1       -138.34       38.90681   15.90    0.33
 86236.1       -139.79       32.08350   21.77    0.49
