NUMBER OF MARPTS:    24

 HEIGHTS  TEMPERATURES  REL. HUMIDITY  U-WIND  V-WIND 
     [M]           [C]            [%]   [M/S]   [M/S]

     0.0        -38.14        0.00000    0.00    0.00
     5.5        -48.94        0.00000    1.72   -1.47
    20.0        -49.01        0.00000    2.07   -1.76
    49.4        -49.15        0.00000    2.34   -1.98
   116.8        -49.47        0.00000    2.60   -2.12
   253.4        -50.11        0.00000    3.12   -2.00
   511.0        -51.31        0.00000    4.87   -0.33
   992.1        -52.74        0.00000    7.00    0.41
  1859.2        -56.10        0.00000    6.08   -0.52
  3323.5        -62.20        0.00000    5.87   -2.69
  5605.4        -71.08        0.00000    6.44   -7.24
  8864.4        -83.08        0.00000    9.16   -6.12
 13136.9        -93.44        0.00000    9.11   -4.41
 18316.5        -99.18        0.00000    7.53   -2.19
 24195.7       -104.26        0.00000    6.41   -2.03
 30563.3       -109.80        0.00000    7.62   -2.03
 37287.7       -114.62        0.00000    8.25   -0.83
 44236.1       -119.29        0.00000    7.32   -0.17
 51236.1       -124.65        0.00000    5.82   -0.78
 58236.1       -128.40        0.00000    5.23    0.02
 65236.1       -131.24        0.00000    6.66   -0.02
 72236.1       -135.72        0.00000    7.32   -0.06
 79236.1       -139.35        0.00000   10.45    0.51
 86236.1       -140.62        0.00000   15.24    1.01
