NUMBER OF MARPTS:    24

 HEIGHTS  TEMPERATURES  REL. HUMIDITY  U-WIND  V-WIND 
     [M]           [C]            [%]   [M/S]   [M/S]

     0.0        -55.91        0.00000    0.00    0.00
     5.5        -54.61        0.00439    2.05    1.88
    20.0        -54.51        0.00433    2.46    2.27
    49.4        -54.48        0.00430    2.83    2.69
   116.8        -54.36        0.00420    3.61    3.60
   253.4        -54.59        0.00425    4.12    3.61
   511.0        -55.07        0.00441    5.51    4.77
   992.1        -56.61        0.00519    6.90    5.11
  1859.2        -59.32        0.00695    9.95    4.73
  3323.5        -63.76        0.01152   12.91    4.83
  5605.4        -70.87        0.02848   14.60    4.70
  8864.4        -80.59        0.12204   15.42    2.33
 13136.9        -91.68        0.97488   11.52   -0.27
 18316.5        -99.61        5.67286    3.47   -0.33
 24195.7       -104.97       15.48656    0.98   -0.04
 30563.3       -110.53       40.69077    1.58    0.00
 37287.7       -115.85       90.13953    1.67   -0.07
 44236.1       -120.94       88.84476    1.29   -0.18
 51236.1       -125.58       92.18787    0.59   -0.32
 58236.1       -130.06      100.00000    1.23   -0.02
 65236.1       -133.51      100.00000    1.67    0.48
 72236.1       -138.34      100.00000    1.28    0.41
 79236.1       -142.47      100.00000    1.01    0.07
 86236.1       -146.10      100.00000    1.40   -0.01
