NUMBER OF MARPTS:    24

 HEIGHTS  TEMPERATURES  REL. HUMIDITY  U-WIND  V-WIND 
     [M]           [C]            [%]   [M/S]   [M/S]

     0.0        -33.70        0.00000    0.00    0.00
     5.5        -42.02        0.00000    2.17   -2.41
    20.0        -42.09        0.00000    2.61   -2.91
    49.4        -42.23        0.00000    2.97   -3.33
   116.8        -42.56        0.00000    3.31   -3.75
   253.4        -43.22        0.00000    3.61   -4.12
   511.0        -44.46        0.00000    3.72   -4.31
   992.1        -46.75        0.00000    3.00   -3.73
  1859.2        -50.83        0.00000    2.20   -2.92
  3323.5        -57.56        0.00000    2.03   -2.69
  5605.4        -67.63        0.00000    2.32   -3.06
  8864.4        -80.53        0.00000    2.87   -4.02
 13136.9        -91.99        0.00000    2.48   -2.74
 18316.5        -98.88        0.00000   -2.68   -1.04
 24195.7       -104.87        0.00000   -2.96   -0.14
 30563.3       -110.35        0.00000   -3.27   -0.43
 37287.7       -115.66        0.00000   -3.32   -0.56
 44236.1       -120.75        0.00000   -3.29   -0.50
 51236.1       -125.31        0.00000   -3.39   -0.27
 58236.1       -128.08        0.00000   -4.44    0.27
 65236.1       -129.69        0.00000   -7.76    1.06
 72236.1       -134.35        0.00000  -12.97    1.25
 79236.1       -139.02        0.00000  -17.75    0.95
 86236.1       -140.36        0.00000  -22.39    0.71
