NUMBER OF MARPTS:    24

 HEIGHTS  TEMPERATURES  REL. HUMIDITY  U-WIND  V-WIND 
     [M]           [C]            [%]   [M/S]   [M/S]

     0.0        -57.22        0.00000    0.00    0.00
     5.5        -54.93        0.00000   -0.44    0.54
    20.0        -50.99        0.00000   -2.03   -0.65
    49.4        -50.89        0.00000   -2.35   -1.22
   116.8        -51.04        0.00000   -2.56   -1.45
   253.4        -51.64        0.00000   -2.63   -1.41
   511.0        -52.79        0.00000   -2.42   -0.92
   992.1        -54.95        0.00000   -1.76   -0.21
  1859.2        -58.79        0.00000   -0.89    0.13
  3323.5        -64.64        0.00000   -0.02   -0.52
  5605.4        -72.85        0.00000   -0.02   -1.11
  8864.4        -82.95        0.00000   -0.41   -1.29
 13136.9        -92.56        0.00000   -0.24   -1.20
 18316.5        -99.37        0.00000    0.03   -0.90
 24195.7       -104.73        0.00000   -0.44   -0.35
 30563.3       -110.45        0.00000    0.05   -0.29
 37287.7       -115.68        0.00000   -0.26   -0.39
 44236.1       -120.82        0.00000   -0.33   -0.01
 51236.1       -125.50        0.00000   -0.51   -0.21
 58236.1       -130.06        0.00000   -0.77   -0.10
 65236.1       -134.23        0.00000   -0.69   -0.00
 72236.1       -138.55        0.00000   -0.72   -0.02
 79236.1       -142.50        0.00000   -0.67   -0.02
 86236.1       -145.74        0.00000   -0.17   -0.06
