NUMBER OF MARPTS:    24

 HEIGHTS  TEMPERATURES  REL. HUMIDITY  U-WIND  V-WIND 
     [M]           [C]            [%]   [M/S]   [M/S]

     0.0        -60.60        0.00000    0.00    0.00
     5.5        -59.74        0.00000    4.11    0.69
    20.0        -59.67        0.00000    5.06    0.85
    49.4        -59.69        0.00000    5.87    0.98
   116.8        -59.86        0.00000    6.93    1.17
   253.4        -60.09        0.00000    8.73    1.33
   511.0        -60.51        0.00000   10.36    1.12
   992.1        -61.68        0.00000   11.10    0.39
  1859.2        -64.21        0.00000   12.16    0.55
  3323.5        -68.81        0.00000   13.37    0.92
  5605.4        -76.16        0.00000   14.09    0.10
  8864.4        -85.28        0.00000   15.44   -2.76
 13136.9        -92.86        0.00000   13.92   -2.23
 18316.5        -98.61        0.00000   10.85   -3.69
 24195.7       -104.02        0.00000    9.76   -4.68
 30563.3       -109.44        0.00000    8.39   -5.00
 37287.7       -115.39        0.00000    4.47   -5.13
 44236.1       -121.00        0.00000    3.13   -3.61
 51236.1       -125.58        0.00000    3.09   -3.78
 58236.1       -130.10        0.00000    3.17   -3.60
 65236.1       -134.03        0.00000    3.91   -2.58
 72236.1       -138.12        0.00000    4.60   -1.05
 79236.1       -142.15        0.00000    3.95   -0.27
 86236.1       -145.98        0.00000    3.90    0.04
