NUMBER OF MARPTS:    24

 HEIGHTS  TEMPERATURES  REL. HUMIDITY  U-WIND  V-WIND 
     [M]           [C]            [%]   [M/S]   [M/S]

     0.0        -12.08        0.00000    0.00    0.00
     5.5        -34.60        0.00034   -0.05   -0.70
    20.0        -34.67        0.00034   -0.04   -0.83
    49.4        -34.82        0.00034   -0.00   -0.90
   116.8        -35.16        0.00035    0.07   -0.91
   253.4        -35.84        0.00037    0.18   -0.81
   511.0        -37.12        0.00042    0.34   -0.48
   992.1        -39.49        0.00052    0.64    0.40
  1859.2        -43.70        0.00078    1.24    1.51
  3323.5        -50.64        0.00157    1.92    2.82
  5605.4        -60.79        0.00499    2.34    1.98
  8864.4        -73.65        0.02906    1.35    1.05
 13136.9        -87.94        0.28952    0.33    0.79
 18316.5        -98.55        1.84099    0.22   -0.16
 24195.7       -104.95        5.23952   -2.49   -0.91
 30563.3       -110.29       14.31558   -3.40   -0.20
 37287.7       -115.78       34.94418   -3.02   -0.33
 44236.1       -120.72       68.21324   -2.84   -0.28
 51236.1       -125.33       77.08176   -3.08   -0.13
 58236.1       -128.49       66.77595   -4.96    0.19
 65236.1       -130.02       31.25940   -9.11    0.20
 72236.1       -134.66       38.74772  -14.73    0.49
 79236.1       -138.93       56.47151  -19.93    1.05
 86236.1       -140.32       40.84060  -24.83    1.21
