NUMBER OF MARPTS:    24

 HEIGHTS  TEMPERATURES  REL. HUMIDITY  U-WIND  V-WIND 
     [M]           [C]            [%]   [M/S]   [M/S]

     0.0        -52.59        0.00000    0.00    0.00
     5.5        -49.89        0.00207   -0.27    0.43
    20.0        -46.70        0.00140   -1.80   -0.90
    49.4        -46.45        0.00135   -2.41   -1.37
   116.8        -46.55        0.00136   -2.78   -1.41
   253.4        -47.14        0.00144   -2.91   -1.24
   511.0        -48.28        0.00162   -2.53   -0.55
   992.1        -50.46        0.00202   -1.85   -0.09
  1859.2        -54.38        0.00307   -1.22   -0.19
  3323.5        -60.48        0.00611   -0.57   -0.85
  5605.4        -68.97        0.01687   -1.27   -1.16
  8864.4        -79.66        0.08051   -2.96   -0.71
 13136.9        -91.34        0.60432   -2.89   -0.52
 18316.5        -99.63        3.01515   -1.31   -1.30
 24195.7       -104.85        8.00341   -2.50   -1.72
 30563.3       -110.29       25.60321   -1.55   -0.75
 37287.7       -115.84       62.54013   -0.84   -0.82
 44236.1       -120.80       80.05589   -1.03   -0.97
 51236.1       -125.55       92.42988   -1.02   -1.02
 58236.1       -129.96      100.00000   -1.12   -0.94
 65236.1       -134.15      100.00000   -1.02   -0.69
 72236.1       -138.45      100.00000   -0.99   -0.42
 79236.1       -142.41      100.00000   -0.95   -0.30
 86236.1       -145.71      100.00000   -0.72   -0.19
