HOEHE    KIN VISCOS  FREEWY 43

     1.0     1.4607      0.66332
  1000.0     1.5813      0.73095
  1500.0     1.6463      0.76795
  2000.0     1.7147      0.80728
  2500.0     1.7868      0.84912
  3000.0     1.8628      0.89367
  3500.0     1.9429      0.94113
  4000.0     2.0275      0.99173
  4500.0     2.1167      1.04570
  5000.0     2.2110      1.10340
  5500.0     2.3107      1.16500
  6000.0     2.4161      1.23100
  6500.0     2.5278      1.30160
  7000.0     2.6461      1.37720
  7500.0     2.7714      1.45830
  8000.0     2.9044      1.54540
  8500.0     3.0457      1.63900
  9000.0     3.1957      1.73970
  9500.0     3.3553      1.84820
 10000.0     3.5251      1.96510
 10500.0     3.7060      2.09120
 11000.0     3.8988      2.22740
 11500.0     4.2131      2.40810
 12000.0     4.5574      2.60490
 12500.0     4.9297      2.81780
 13000.0     5.3325      3.04790
 13500.0     5.7680      3.29690
 14000.0     6.2391      3.56620
 15000.0     7.2995      4.17230
 16000.0     8.5397      4.88120
 17000.0     9.9901      5.71020
 18000.0    11.6860      6.67970
 20000.0    15.9890      9.13930
 25000.0    36.1350     20.27200
 30000.0    80.1340     44.13700
 33000.0   129.5500     70.21200
 35000.0   180.6200     96.01000
 40000.0   400.6600    203.36000
 46000.0   983.0500    474.04000
 50000.0  1659.1000    791.30000
 54000.0  2610.4000   1271.60000
 60000.0  5114.1000   2623.90000
 85000.0 15386.0000  98858.00000
