NUMBER OF MARPTS:    24

 HEIGHTS  TEMPERATURES  REL. HUMIDITY  U-WIND  V-WIND 
     [M]           [C]            [%]   [M/S]   [M/S]

     0.0        -44.35        0.00000    0.00    0.00
     5.5        -42.73        0.00071    0.04    0.99
    20.0        -40.51        0.00055    0.28    1.64
    49.4        -36.63        0.00036    0.32    1.15
   116.8        -35.19        0.00031    1.15    0.78
   253.4        -35.67        0.00032    2.07   -0.10
   511.0        -36.95        0.00036    2.09    0.00
   992.1        -38.34        0.00050    2.85    1.01
  1859.2        -38.36        0.00050    3.90    1.58
  3323.5        -42.26        0.00069    7.11    2.33
  5605.4        -50.45        0.00158   10.75    2.51
  8864.4        -62.63        0.00794   13.60    0.96
 13136.9        -75.26        0.04664   14.43   -2.49
 18316.5        -87.52        0.24677   12.33   -7.84
 24195.7        -99.28        1.97437    5.01   -9.59
 30563.3       -106.95       11.91293   -0.67   -4.41
 37287.7       -113.19       27.22652   -4.28    0.34
 44236.1       -118.94       69.38072   -6.91   -0.49
 51236.1       -124.71       90.08958   -7.54   -1.02
 58236.1       -129.16       75.21852   -6.72   -2.08
 65236.1       -133.60       75.11956   -3.14   -2.16
 72236.1       -136.83       79.96978    2.92   -2.56
 79236.1       -140.86       91.78117    8.50   -2.36
 86236.1       -142.13       76.74757   13.52   -2.17
