NUMBER OF MARPTS:    24

 HEIGHTS  TEMPERATURES  REL. HUMIDITY  U-WIND  V-WIND 
     [M]           [C]            [%]   [M/S]   [M/S]

     0.0        -59.40        0.00000    0.00    0.00
     5.5        -58.51        0.00952   -1.44   -0.38
    20.0        -58.28        0.00922   -2.16   -0.49
    49.4        -57.99        0.00884   -3.04   -0.42
   116.8        -57.93        0.00870   -3.38    0.24
   253.4        -57.75        0.00838   -2.86    1.20
   511.0        -57.10        0.00749   -3.17    0.88
   992.1        -56.99        0.00702   -3.00    0.51
  1859.2        -57.58        0.00698   -2.31   -0.04
  3323.5        -59.96        0.00847   -0.88   -0.55
  5605.4        -65.33        0.01589    1.98   -0.86
  8864.4        -73.28        0.05494    7.23   -1.11
 13136.9        -81.99        0.21418   10.63   -1.68
 18316.5        -90.20        0.86433    7.17   -2.18
 24195.7        -98.44        3.99454    1.07   -1.18
 30563.3       -107.04       22.80958   -1.49    0.42
 37287.7       -113.52       73.31494   -0.29    0.29
 44236.1       -119.23       93.14145    0.86   -0.47
 51236.1       -124.77       96.59969    0.97   -0.62
 58236.1       -129.94      100.00000    0.67   -0.64
 65236.1       -134.43      100.00000    0.69   -0.53
 72236.1       -138.55      100.00000    0.77   -0.13
 79236.1       -142.41      100.00000    0.92    0.24
 86236.1       -146.03      100.00000    1.04    0.62
