NUMBER OF MARPTS:    24

 HEIGHTS  TEMPERATURES  REL. HUMIDITY  U-WIND  V-WIND 
     [M]           [C]            [%]   [M/S]   [M/S]

     0.0        -27.92        0.00000    0.00    0.00
     5.5        -33.69        0.00000    0.16    0.58
    20.0        -33.76        0.00000    0.25    0.66
    49.4        -33.91        0.00000    0.30    0.65
   116.8        -34.25        0.00000    0.18    0.29
   253.4        -34.84        0.00000   -0.09    0.24
   511.0        -36.06        0.00000   -0.06    0.45
   992.1        -38.41        0.00000    0.30    0.64
  1859.2        -42.57        0.00000    0.78    0.82
  3323.5        -49.47        0.00000    1.14    0.94
  5605.4        -59.74        0.00000    1.13    0.98
  8864.4        -72.76        0.00000    0.95    1.05
 13136.9        -86.25        0.00000    0.45    0.25
 18316.5        -96.46        0.00000    0.45   -0.24
 24195.7       -102.10        0.00000    0.47   -0.26
 30563.3       -107.87        0.00000    0.50   -0.25
 37287.7       -113.61        0.00000    0.40   -0.23
 44236.1       -119.23        0.00000    0.24   -0.15
 51236.1       -124.73        0.00000    0.00   -0.08
 58236.1       -129.90        0.00000    0.12    0.08
 65236.1       -134.30        0.00000    0.69    0.17
 72236.1       -138.57        0.00000    0.96    0.13
 79236.1       -142.44        0.00000    0.98    0.19
 86236.1       -145.89        0.00000    1.27    0.23
