NUMBER OF MARPTS:    24

 HEIGHTS  TEMPERATURES  REL. HUMIDITY  U-WIND  V-WIND 
     [M]           [C]            [%]   [M/S]   [M/S]

     0.0        -33.24        0.00000    0.00    0.00
     5.5        -31.59        0.00000   -1.04   -0.66
    20.0        -30.04        0.00000   -2.42   -1.28
    49.4        -28.10        0.00000   -4.13   -1.87
   116.8        -26.93        0.00000   -5.31   -2.03
   253.4        -27.25        0.00000   -5.20   -2.04
   511.0        -28.50        0.00000   -4.66   -2.17
   992.1        -30.93        0.00000   -4.06   -2.13
  1859.2        -35.24        0.00000   -3.07   -1.62
  3323.5        -42.34        0.00000   -1.50   -0.50
  5605.4        -52.99        0.00000    0.52    1.35
  8864.4        -67.12        0.00000    2.77    3.53
 13136.9        -83.13        0.00000    2.63    3.36
 18316.5        -94.21        0.00000   -1.55    0.45
 24195.7       -101.95        0.00000   -2.96    0.16
 30563.3       -107.91        0.00000   -2.82    0.33
 37287.7       -113.61        0.00000   -3.00    0.43
 44236.1       -119.31        0.00000   -3.20    0.67
 51236.1       -124.80        0.00000   -3.20    0.57
 58236.1       -127.62        0.00000   -4.58    0.30
 65236.1       -129.53        0.00000   -7.10    0.23
 72236.1       -134.19        0.00000  -10.45    0.03
 79236.1       -138.56        0.00000  -13.98   -0.17
 86236.1       -140.08        0.00000  -17.02   -0.38
