NUMBER OF MARPTS:    24

 HEIGHTS  TEMPERATURES  REL. HUMIDITY  U-WIND  V-WIND 
     [M]           [C]            [%]   [M/S]   [M/S]

     0.0        -28.71        0.00000    0.00    0.00
     5.5        -27.60        0.00023   -0.74    0.79
    20.0        -23.69        0.00015   -2.33    2.73
    49.4        -20.83        0.00012   -3.06    2.40
   116.8        -20.11        0.00011   -3.12    2.07
   253.4        -20.59        0.00011   -2.98    1.93
   511.0        -21.87        0.00012   -2.91    1.76
   992.1        -24.36        0.00015   -2.95    1.52
  1859.2        -28.82        0.00022   -3.06    1.37
  3323.5        -36.22        0.00041   -3.15    1.20
  5605.4        -47.31        0.00118   -3.21    1.04
  8864.4        -61.79        0.00588   -4.17    1.48
 13136.9        -78.02        0.05364   -3.31    0.93
 18316.5        -92.54        0.64540   -2.85   -0.39
 24195.7       -101.35        3.34487   -4.83   -1.43
 30563.3       -107.83        9.90167   -5.63   -1.01
 37287.7       -113.68       24.63462   -5.26   -0.52
 44236.1       -119.39       62.86170   -4.87   -0.54
 51236.1       -124.84       89.98277   -5.12   -0.74
 58236.1       -127.65       57.40895   -6.91   -0.36
 65236.1       -129.92       30.48395   -9.98    0.10
 72236.1       -134.10       31.34619  -13.75   -0.05
 79236.1       -138.54       47.71512  -17.66   -0.19
 86236.1       -140.07       36.37261  -20.93   -0.35
