NUMBER OF MARPTS:    24

 HEIGHTS  TEMPERATURES  REL. HUMIDITY  U-WIND  V-WIND 
     [M]           [C]            [%]   [M/S]   [M/S]

     0.0        -50.65        0.00000    0.00    0.00
     5.5        -50.02        0.00000   -2.20   -1.39
    20.0        -49.97        0.00000   -2.80   -1.71
    49.4        -49.91        0.00000   -3.61   -2.03
   116.8        -49.47        0.00000   -5.49   -2.09
   253.4        -47.13        0.00000   -6.25   -1.24
   511.0        -45.51        0.00000   -5.32   -1.65
   992.1        -44.60        0.00000   -4.00   -1.30
  1859.2        -45.59        0.00000   -0.66    0.28
  3323.5        -49.53        0.00000    3.61    3.03
  5605.4        -58.23        0.00000    7.68    6.06
  8864.4        -70.85        0.00000    9.14    7.61
 13136.9        -83.54        0.00000    8.92    7.15
 18316.5        -94.08        0.00000    5.52    3.96
 24195.7       -100.70        0.00000    1.33    0.73
 30563.3       -107.35        0.00000   -0.21   -0.60
 37287.7       -112.91        0.00000   -1.83   -0.47
 44236.1       -118.84        0.00000   -4.36   -0.74
 51236.1       -124.76        0.00000   -6.01   -1.18
 58236.1       -129.95        0.00000   -5.92   -1.42
 65236.1       -133.70        0.00000   -3.54   -1.09
 72236.1       -136.43        0.00000    1.54   -0.42
 79236.1       -140.37        0.00000    6.61    0.24
 86236.1       -142.39        0.00000   11.14    0.32
