NUMBER OF MARPTS:    24

 HEIGHTS  TEMPERATURES  REL. HUMIDITY  U-WIND  V-WIND 
     [M]           [C]            [%]   [M/S]   [M/S]

     0.0        -26.71        0.00000    0.00    0.00
     5.5        -33.32        0.00042   -0.84   -0.07
    20.0        -33.39        0.00043   -1.00   -0.06
    49.4        -33.54        0.00043   -1.54   -0.18
   116.8        -33.13        0.00041   -2.70   -1.05
   253.4        -33.28        0.00041   -3.27   -1.35
   511.0        -34.42        0.00046   -3.13   -1.00
   992.1        -36.65        0.00055   -2.28   -0.54
  1859.2        -40.49        0.00078   -1.13   -0.01
  3323.5        -46.74        0.00141   -0.22    0.56
  5605.4        -55.82        0.00356    0.41    0.74
  8864.4        -68.23        0.01502    0.30    0.36
 13136.9        -81.83        0.10245   -1.24   -0.84
 18316.5        -95.99        1.31516   -0.19    0.03
 24195.7       -102.07        4.15434   -0.16    0.39
 30563.3       -107.85       14.31776    0.55    0.73
 37287.7       -113.72       48.78905    0.86    0.35
 44236.1       -119.36       90.56058    0.77    0.16
 51236.1       -124.82       96.21959    0.58    0.13
 58236.1       -129.93      100.00000    0.28    0.02
 65236.1       -134.24      100.00000    0.43    0.11
 72236.1       -138.45      100.00000    0.50    0.23
 79236.1       -142.35      100.00000    0.40    0.33
 86236.1       -145.85      100.00000    0.57    0.39
