NUMBER OF MARPTS:    24

 HEIGHTS  TEMPERATURES  REL. HUMIDITY  U-WIND  V-WIND 
     [M]           [C]            [%]   [M/S]   [M/S]

     0.0        -53.57        0.00000    0.00    0.00
     5.5        -53.15        0.00000   -0.43   -0.61
    20.0        -53.04        0.00000   -0.76   -0.90
    49.4        -53.03        0.00000   -1.12   -0.93
   116.8        -52.76        0.00000   -1.63   -0.14
   253.4        -51.20        0.00000   -1.68   -0.72
   511.0        -49.45        0.00000   -2.05   -1.42
   992.1        -49.03        0.00000   -1.60   -1.90
  1859.2        -50.85        0.00000   -0.29   -2.27
  3323.5        -55.20        0.00000    1.22   -3.09
  5605.4        -63.18        0.00000    2.72   -4.09
  8864.4        -74.75        0.00000    4.04   -4.44
 13136.9        -86.11        0.00000    5.75   -2.72
 18316.5        -94.61        0.00000    4.11   -1.66
 24195.7       -101.74        0.00000    1.41   -2.41
 30563.3       -107.78        0.00000    0.85   -3.28
 37287.7       -113.54        0.00000    0.75   -3.32
 44236.1       -119.21        0.00000    1.14   -3.53
 51236.1       -124.74        0.00000    1.09   -3.71
 58236.1       -129.90        0.00000    1.38   -3.68
 65236.1       -134.40        0.00000    2.08   -3.26
 72236.1       -138.53        0.00000    3.03   -2.78
 79236.1       -142.40        0.00000    3.73   -2.27
 86236.1       -146.06        0.00000    4.41   -1.77
