NUMBER OF MARPTS:    24

 HEIGHTS  TEMPERATURES  REL. HUMIDITY  U-WIND  V-WIND 
     [M]           [C]            [%]   [M/S]   [M/S]

     0.0        -63.92        0.00000    0.00    0.00
     5.5        -66.99        0.02388   -0.65    0.32
    20.0        -67.05        0.02406   -0.83    0.35
    49.4        -67.18        0.02445   -0.98    0.30
   116.8        -67.47        0.02535   -1.04    0.18
   253.4        -68.06        0.02729   -1.01   -0.35
   511.0        -68.19        0.02720   -0.15   -1.88
   992.1        -67.51        0.02357    0.13   -2.40
  1859.2        -68.38        0.02472    0.23   -3.06
  3323.5        -71.58        0.03519    0.79   -3.53
  5605.4        -77.77        0.08322    1.86   -3.91
  8864.4        -85.41        0.30299    3.67   -3.51
 13136.9        -90.69        0.76675    6.00   -1.31
 18316.5        -95.08        1.63070    7.39    3.58
 24195.7        -99.82        3.70592    7.83    8.99
 30563.3       -106.17       11.58034    7.01   12.79
 37287.7       -113.49       44.23557    4.50   12.17
 44236.1       -120.81       99.48092    2.26    9.79
 51236.1       -125.64      100.00000    1.92    8.46
 58236.1       -130.15      100.00000    1.97    8.20
 65236.1       -134.49      100.00000    1.92    7.61
 72236.1       -138.61      100.00000    2.16    7.21
 79236.1       -142.49      100.00000    2.17    6.70
 86236.1       -146.01      100.00000    2.24    5.95
