NUMBER OF MARPTS:    24

 HEIGHTS  TEMPERATURES  REL. HUMIDITY  U-WIND  V-WIND 
     [M]           [C]            [%]   [M/S]   [M/S]

     0.0        -66.84        0.00000    0.00    0.00
     5.5        -66.31        0.01711   -1.84    3.24
    20.0        -66.28        0.01702   -2.35    3.98
    49.4        -66.32        0.01706   -2.89    4.61
   116.8        -66.44        0.01724   -3.86    5.32
   253.4        -66.26        0.01656   -5.56    5.62
   511.0        -65.62        0.01472   -5.27    4.43
   992.1        -64.19        0.01141   -3.06    2.90
  1859.2        -64.14        0.01041   -2.41    1.76
  3323.5        -66.61        0.01304   -2.23    0.95
  5605.4        -71.02        0.02166   -1.78    0.10
  8864.4        -77.87        0.05965   -0.70   -0.77
 13136.9        -85.35        0.19008    0.98   -1.36
 18316.5        -91.96        0.55689    2.53   -1.12
 24195.7        -97.92        1.44556    2.42    0.01
 30563.3       -105.33        5.61384    0.49    0.37
 37287.7       -115.42       54.84429   -2.25    0.57
 44236.1       -120.74       94.93058   -2.55    0.22
 51236.1       -125.59       99.91061   -2.57    0.21
 58236.1       -130.14      100.00000   -2.67    0.13
 65236.1       -134.49      100.00000   -2.72    0.13
 72236.1       -138.61      100.00000   -2.77    0.14
 79236.1       -142.50      100.00000   -2.73    0.16
 86236.1       -146.16      100.00000   -2.63    0.26
