NUMBER OF MARPTS:    24

 HEIGHTS  TEMPERATURES  REL. HUMIDITY  U-WIND  V-WIND 
     [M]           [C]            [%]   [M/S]   [M/S]

     0.0        -41.87        0.00000    0.00    0.00
     5.5        -42.01        0.00074    0.19    2.51
    20.0        -42.06        0.00074    0.17    2.96
    49.4        -42.09        0.00074    0.07    3.47
   116.8        -40.61        0.00062   -0.38    3.74
   253.4        -38.38        0.00048    0.20    2.66
   511.0        -38.74        0.00049    0.95    2.33
   992.1        -39.60        0.00051    2.25    2.04
  1859.2        -41.82        0.00060    3.70    1.73
  3323.5        -46.96        0.00093    5.18    1.55
  5605.4        -55.96        0.00226    6.55    1.19
  8864.4        -69.11        0.01115    7.19    0.69
 13136.9        -84.12        0.10611    6.42   -0.25
 18316.5        -96.80        0.92293    5.48   -0.91
 24195.7       -103.54        2.66927    6.30   -2.04
 30563.3       -109.32        6.79649    7.64   -1.26
 37287.7       -115.67       20.31323    8.15   -0.38
 44236.1       -120.83       44.04639    8.03   -0.39
 51236.1       -125.64       83.51807    8.37   -0.37
 58236.1       -128.98       90.77051    9.03    0.12
 65236.1       -131.44       61.77493   10.65    0.88
 72236.1       -135.92       60.53985   13.26    0.94
 79236.1       -139.97       65.60018   16.16    0.44
 86236.1       -142.16       69.94494   19.05    0.08
