NUMBER OF MARPTS:    24

 HEIGHTS  TEMPERATURES  REL. HUMIDITY  U-WIND  V-WIND 
     [M]           [C]            [%]   [M/S]   [M/S]

     0.0        -41.31        0.00000    0.00    0.00
     5.5        -41.28        0.00000    0.55   -1.54
    20.0        -41.35        0.00000    0.71   -1.84
    49.4        -41.49        0.00000    0.86   -2.05
   116.8        -41.82        0.00000    1.05   -2.17
   253.4        -42.48        0.00000    1.22   -2.14
   511.0        -43.72        0.00000    1.10   -1.94
   992.1        -46.03        0.00000    0.76   -1.79
  1859.2        -50.12        0.00000    0.25   -1.58
  3323.5        -56.87        0.00000   -0.59   -1.13
  5605.4        -66.97        0.00000   -1.88   -0.08
  8864.4        -79.89        0.00000   -2.57    0.89
 13136.9        -92.60        0.00000   -2.73    1.02
 18316.5        -99.34        0.00000   -2.65    0.51
 24195.7       -104.74        0.00000   -2.74   -0.07
 30563.3       -110.26        0.00000   -2.79   -0.15
 37287.7       -115.62        0.00000   -2.73   -0.22
 44236.1       -120.81        0.00000   -2.49   -0.30
 51236.1       -125.51        0.00000   -2.09   -0.25
 58236.1       -127.97        0.00000   -2.49   -0.31
 65236.1       -129.30        0.00000   -3.61   -0.08
 72236.1       -133.24        0.00000   -5.11    0.11
 79236.1       -137.42        0.00000   -7.20    0.21
 86236.1       -138.94        0.00000   -9.60    0.27
