NUMBER OF MARPTS:    24

 HEIGHTS  TEMPERATURES  REL. HUMIDITY  U-WIND  V-WIND 
     [M]           [C]            [%]   [M/S]   [M/S]

     0.0        -39.46        0.00000    0.00    0.00
     5.5        -39.27        0.00105   -1.05    0.89
    20.0        -39.31        0.00105   -1.30    1.04
    49.4        -39.45        0.00107   -1.50    1.13
   116.8        -39.78        0.00110   -1.70    1.15
   253.4        -40.45        0.00117   -1.85    1.13
   511.0        -41.71        0.00132   -1.93    1.12
   992.1        -44.03        0.00165   -2.08    1.21
  1859.2        -48.16        0.00249   -2.31    1.30
  3323.5        -54.97        0.00511   -2.71    1.48
  5605.4        -64.84        0.01776   -3.02    1.47
  8864.4        -76.97        0.10182   -2.34    0.61
 13136.9        -90.07        0.86201   -1.53    0.04
 18316.5        -99.14        3.64054   -1.00   -0.34
 24195.7       -104.78        8.07672   -0.95   -0.54
 30563.3       -110.11       17.02458   -0.86   -0.48
 37287.7       -115.46       36.09039   -0.39   -0.43
 44236.1       -120.75       77.75336    0.26   -0.20
 51236.1       -125.46       92.77776    0.63    0.07
 58236.1       -127.89       61.75129   -0.10    0.08
 65236.1       -129.37       26.88161   -1.61    0.42
 72236.1       -133.42       28.34074   -3.55    0.73
 79236.1       -137.54       33.12742   -6.05    0.81
 86236.1       -138.88       19.33310   -8.67    0.75
