NUMBER OF MARPTS:    24

 HEIGHTS  TEMPERATURES  REL. HUMIDITY  U-WIND  V-WIND 
     [M]           [C]            [%]   [M/S]   [M/S]

     0.0        -49.67        0.00000    0.00    0.00
     5.5        -50.21        0.00000   -0.23    1.80
    20.0        -50.28        0.00000   -0.36    2.24
    49.4        -50.24        0.00000   -0.56    2.37
   116.8        -46.63        0.00000    0.30    0.79
   253.4        -45.36        0.00000    0.79    0.07
   511.0        -46.21        0.00000    1.18    0.20
   992.1        -47.98        0.00000    2.35    0.57
  1859.2        -50.69        0.00000    3.64    0.58
  3323.5        -55.72        0.00000    4.67    0.37
  5605.4        -63.93        0.00000    5.47   -0.03
  8864.4        -75.86        0.00000    5.88   -0.38
 13136.9        -89.98        0.00000    5.64   -0.44
 18316.5        -98.88        0.00000    5.81   -1.23
 24195.7       -104.64        0.00000    5.20   -0.56
 30563.3       -110.18        0.00000    4.85   -0.12
 37287.7       -115.58        0.00000    4.83   -0.04
 44236.1       -120.77        0.00000    4.96   -0.06
 51236.1       -125.61        0.00000    5.08   -0.12
 58236.1       -129.66        0.00000    5.63    0.12
 65236.1       -132.25        0.00000    7.91    0.23
 72236.1       -136.72        0.00000   11.04    0.24
 79236.1       -141.00        0.00000   13.66    0.08
 86236.1       -143.29        0.00000   16.16    0.02
