NUMBER OF MARPTS:    24

 HEIGHTS  TEMPERATURES  REL. HUMIDITY  U-WIND  V-WIND 
     [M]           [C]            [%]   [M/S]   [M/S]

     0.0        -62.45        0.00000    0.00    0.00
     5.5        -64.68        0.00000   -1.01    0.04
    20.0        -64.75        0.00000   -1.20    0.03
    49.4        -64.88        0.00000   -1.27    0.01
   116.8        -65.17        0.00000   -1.13   -0.05
   253.4        -64.91        0.00000   -0.35   -0.59
   511.0        -64.50        0.00000    0.32   -1.07
   992.1        -64.71        0.00000    0.89   -1.19
  1859.2        -66.00        0.00000    1.35   -0.95
  3323.5        -69.81        0.00000    1.48   -0.18
  5605.4        -75.92        0.00000    2.33   -0.08
  8864.4        -86.21        0.00000    2.62    0.18
 13136.9        -93.47        0.00000    4.35   -0.97
 18316.5        -98.91        0.00000    5.83   -1.01
 24195.7       -104.57        0.00000    6.30   -0.73
 30563.3       -110.11        0.00000    6.32   -0.67
 37287.7       -115.53        0.00000    6.33   -0.73
 44236.1       -120.73        0.00000    6.36   -0.81
 51236.1       -125.59        0.00000    6.37   -0.91
 58236.1       -130.06        0.00000    6.24   -0.86
 65236.1       -134.29        0.00000    5.64   -0.85
 72236.1       -138.44        0.00000    4.90   -0.97
 79236.1       -142.34        0.00000    4.59   -1.07
 86236.1       -146.01        0.00000    4.43   -1.25
