NUMBER OF MARPTS:    24

 HEIGHTS  TEMPERATURES  REL. HUMIDITY  U-WIND  V-WIND 
     [M]           [C]            [%]   [M/S]   [M/S]

     0.0        -75.75        0.00000    0.00    0.00
     5.5        -74.43        0.00000   -0.00    0.97
    20.0        -72.96        0.00000   -0.63    1.21
    49.4        -71.23        0.00000   -0.87    0.60
   116.8        -67.73        0.00000    0.12   -0.56
   253.4        -64.59        0.00000    0.65   -1.70
   511.0        -62.41        0.00000    1.21   -3.04
   992.1        -61.52        0.00000    1.91   -4.58
  1859.2        -62.81        0.00000    2.60   -6.27
  3323.5        -65.66        0.00000    3.19   -8.68
  5605.4        -71.68        0.00000    3.49  -10.72
  8864.4        -81.18        0.00000    4.46  -12.89
 13136.9        -90.23        0.00000    5.12  -16.02
 18316.5        -97.41        0.00000    5.77  -15.09
 24195.7       -103.22        0.00000    6.19  -12.02
 30563.3       -109.23        0.00000    6.54   -9.42
 37287.7       -114.88        0.00000    6.77   -7.60
 44236.1       -120.52        0.00000    6.99   -6.39
 51236.1       -125.59        0.00000    6.95   -5.70
 58236.1       -129.59        0.00000    7.12   -5.39
 65236.1       -133.51        0.00000    7.43   -5.01
 72236.1       -138.37        0.00000    7.31   -3.72
 79236.1       -142.50        0.00000    6.95   -2.54
 86236.1       -146.16        0.00000    6.73   -2.15
