NUMBER OF MARPTS:    24

 HEIGHTS  TEMPERATURES  REL. HUMIDITY  U-WIND  V-WIND 
     [M]           [C]            [%]   [M/S]   [M/S]

     0.0        -44.03        0.00000    0.00    0.00
     5.5        -43.27        0.00000   -1.77    0.48
    20.0        -43.18        0.00000   -2.35    0.65
    49.4        -43.13        0.00000   -3.01    0.89
   116.8        -43.31        0.00000   -3.62    1.15
   253.4        -43.92        0.00000   -3.88    1.29
   511.0        -45.01        0.00000   -3.01    0.73
   992.1        -45.57        0.00000   -1.22   -0.09
  1859.2        -47.32        0.00000    0.49    0.89
  3323.5        -52.99        0.00000    2.61    0.82
  5605.4        -61.35        0.00000    4.84   -0.24
  8864.4        -72.10        0.00000    7.69    0.33
 13136.9        -86.76        0.00000    3.52    1.89
 18316.5        -96.93        0.00000   -3.49    0.09
 24195.7       -102.79        0.00000   -3.65   -1.26
 30563.3       -108.37        0.00000   -3.20   -0.11
 37287.7       -113.85        0.00000   -2.94   -0.31
 44236.1       -119.50        0.00000   -2.43   -0.16
 51236.1       -124.96        0.00000   -2.14    0.00
 58236.1       -128.84        0.00000    0.18    0.52
 65236.1       -129.62        0.00000    2.25    0.67
 72236.1       -133.59        0.00000    1.96    1.60
 79236.1       -138.20        0.00000   -0.53    1.30
 86236.1       -139.29        0.00000   -0.48   -0.27
