NUMBER OF MARPTS:    24

 HEIGHTS  TEMPERATURES  REL. HUMIDITY  U-WIND  V-WIND 
     [M]           [C]            [%]   [M/S]   [M/S]

     0.0        -54.49        0.00000    0.00    0.00
     5.5        -54.57        0.00000   -3.06   -1.47
    20.0        -54.62        0.00000   -3.71   -1.77
    49.4        -54.66        0.00000   -4.65   -2.18
   116.8        -54.16        0.00000   -7.04   -3.24
   253.4        -52.18        0.00000   -8.94   -3.95
   511.0        -51.02        0.00000   -7.96   -1.85
   992.1        -51.03        0.00000   -6.54   -0.55
  1859.2        -53.10        0.00000   -4.33   -0.72
  3323.5        -57.36        0.00000   -1.84    0.18
  5605.4        -65.70        0.00000    2.12    1.45
  8864.4        -76.72        0.00000    7.62    2.44
 13136.9        -89.27        0.00000    6.63    1.50
 18316.5        -96.54        0.00000    3.38    1.15
 24195.7       -102.64        0.00000    2.54    1.03
 30563.3       -108.25        0.00000    1.02    0.12
 37287.7       -114.17        0.00000   -0.87   -0.00
 44236.1       -119.42        0.00000   -1.34   -0.11
 51236.1       -124.88        0.00000   -1.60   -0.67
 58236.1       -129.60        0.00000   -2.56   -0.31
 65236.1       -133.77        0.00000   -2.32   -0.19
 72236.1       -138.42        0.00000   -1.34   -0.29
 79236.1       -142.34        0.00000   -0.42   -0.26
 86236.1       -144.79        0.00000    3.59   -0.29
