NUMBER OF MARPTS:    24

 HEIGHTS  TEMPERATURES  REL. HUMIDITY  U-WIND  V-WIND 
     [M]           [C]            [%]   [M/S]   [M/S]

     0.0        -96.75        0.00000    0.00    0.00
     5.5        -96.75        1.40240   -0.13    3.67
    20.0        -96.77        1.40444   -0.33    4.74
    49.4        -96.80        1.40873   -0.69    5.80
   116.8        -96.86        1.41897   -1.17    6.96
   253.4        -96.99        1.44510   -1.35    8.03
   511.0        -97.24        1.50269    0.08    7.62
   992.1        -97.70        1.60378    1.85    6.92
  1859.2        -98.51        1.84996    5.49    5.60
  3323.5        -99.87        2.28792    7.79    5.68
  5605.4       -101.94        3.31365    8.14    7.58
  8864.4       -104.77        6.17760    8.48    8.27
 13136.9       -108.28       12.59809    7.76    8.25
 18316.5       -112.21       27.25547    5.72    7.53
 24195.7       -115.64       48.57671    3.39    4.81
 30563.3       -120.00       94.01403    3.39    3.71
 37287.7       -122.74       94.40669    0.76   -1.67
 44236.1       -125.12       94.84815    3.56    2.94
 51236.1       -127.25       99.35123    0.50   -0.30
 58236.1       -130.30      100.00000    0.39   -0.32
 65236.1       -133.86      100.00000   -0.82   -0.38
 72236.1       -138.49      100.00000   -0.77   -0.07
 79236.1       -142.25      100.00000    1.34   -0.02
 86236.1       -145.12      100.00000    5.45   -0.41
