NUMBER OF MARPTS:    24

 HEIGHTS  TEMPERATURES  REL. HUMIDITY  U-WIND  V-WIND 
     [M]           [C]            [%]   [M/S]   [M/S]

     0.0        -34.29        0.00000    0.00    0.00
     5.5        -33.57        0.00000    3.15   -2.05
    20.0        -33.52        0.00000    3.89   -2.56
    49.4        -33.55        0.00000    4.60   -3.09
   116.8        -33.75        0.00000    5.42   -3.82
   253.4        -34.30        0.00000    6.00   -4.68
   511.0        -35.49        0.00000    5.73   -5.73
   992.1        -37.41        0.00000    3.54   -7.10
  1859.2        -40.38        0.00000    0.66   -5.68
  3323.5        -47.36        0.00000    0.65   -4.49
  5605.4        -57.80        0.00000    0.18   -2.35
  8864.4        -72.03        0.00000    0.06   -1.12
 13136.9        -86.54        0.00000   -1.88   -0.73
 18316.5        -97.06        0.00000   -5.23   -0.69
 24195.7       -102.69        0.00000   -6.63   -0.18
 30563.3       -108.52        0.00000   -6.52   -0.19
 37287.7       -113.94        0.00000   -6.81   -0.04
 44236.1       -119.50        0.00000   -7.88   -0.03
 51236.1       -124.87        0.00000   -8.64   -0.07
 58236.1       -129.67        0.00000  -10.68   -0.21
 65236.1       -132.23        0.00000  -14.42   -0.44
 72236.1       -136.80        0.00000  -18.34   -0.74
 79236.1       -141.13        0.00000  -23.67   -0.64
 86236.1       -142.14        0.00000  -30.18   -0.55
