NUMBER OF MARPTS:    24

 HEIGHTS  TEMPERATURES  REL. HUMIDITY  U-WIND  V-WIND 
     [M]           [C]            [%]   [M/S]   [M/S]

     0.0        -95.99        0.00000    0.00    0.00
     5.5        -93.11        0.50832   -3.51    1.54
    20.0        -92.87        0.48458   -4.60    2.00
    49.4        -92.60        0.45848   -5.85    2.51
   116.8        -91.69        0.38276   -8.84    3.76
   253.4        -91.79        0.38676  -10.63    4.51
   511.0        -91.36        0.35036  -14.46    6.32
   992.1        -92.54        0.42719  -16.73    7.91
  1859.2        -95.02        0.65257  -13.14    8.13
  3323.5        -99.14        1.37664  -14.00    6.25
  5605.4       -101.23        1.86951  -10.92    4.01
  8864.4       -104.10        2.97301  -12.34    4.82
 13136.9       -107.65        5.36038  -10.14    3.73
 18316.5       -111.53        9.93053   -9.67    3.73
 24195.7       -115.75       20.33875   -7.68    0.86
 30563.3       -119.37       35.33374   -8.32    1.12
 37287.7       -122.89       63.94511   -8.18    0.27
 44236.1       -125.14       80.58355   -7.49    0.16
 51236.1       -127.29       87.91739   -8.37   -0.26
 58236.1       -129.96       80.84490   -9.25   -0.22
 65236.1       -132.10       60.89007  -13.93    0.07
 72236.1       -137.01       94.00827  -19.11   -0.14
 79236.1       -141.27       93.50504  -24.31   -0.48
 86236.1       -142.12       74.59904  -30.47   -0.48
