NUMBER OF MARPTS:    24

 HEIGHTS  TEMPERATURES  REL. HUMIDITY  U-WIND  V-WIND 
     [M]           [C]            [%]   [M/S]   [M/S]

     0.0        -45.29        0.00000    0.00    0.00
     5.5        -44.00        0.00000    0.93    0.14
    20.0        -41.48        0.00000    3.10   -0.36
    49.4        -40.10        0.00000    3.91   -1.31
   116.8        -39.85        0.00000    4.15   -2.06
   253.4        -40.39        0.00000    3.89   -2.47
   511.0        -41.60        0.00000    3.36   -2.73
   992.1        -43.91        0.00000    2.93   -2.62
  1859.2        -48.01        0.00000    2.14   -2.05
  3323.5        -54.80        0.00000    1.37   -1.14
  5605.4        -64.68        0.00000    0.61   -0.48
  8864.4        -76.93        0.00000   -2.20    0.21
 13136.9        -88.59        0.00000   -9.01   -0.06
 18316.5        -97.09        0.00000  -13.66   -0.31
 24195.7       -102.74        0.00000  -13.96    0.16
 30563.3       -108.56        0.00000  -13.94   -0.16
 37287.7       -114.16        0.00000  -14.00    0.08
 44236.1       -119.65        0.00000  -13.87    0.11
 51236.1       -125.03        0.00000  -14.00    0.16
 58236.1       -129.95        0.00000  -14.11    0.15
 65236.1       -134.49        0.00000  -14.33    0.05
 72236.1       -138.61        0.00000  -14.27   -0.15
 79236.1       -142.50        0.00000  -14.06   -0.34
 86236.1       -145.64        0.00000  -13.43   -0.48
