NUMBER OF MARPTS:    24

 HEIGHTS  TEMPERATURES  REL. HUMIDITY  U-WIND  V-WIND 
     [M]           [C]            [%]   [M/S]   [M/S]

     0.0        -96.71        0.00000    0.00    0.00
     5.5        -94.32        0.67646   -8.28   -0.30
    20.0        -94.14        0.65110  -10.28   -0.38
    49.4        -94.12        0.64697  -11.25   -0.44
   116.8        -93.98        0.62648  -13.99   -0.66
   253.4        -94.18        0.64671  -16.40   -0.78
   511.0        -94.02        0.62149  -20.17   -0.80
   992.1        -94.93        0.73705  -20.10   -0.98
  1859.2        -96.55        1.00791  -20.94   -1.99
  3323.5        -98.84        1.57284  -21.42   -0.80
  5605.4       -101.71        2.74900  -20.05    1.23
  8864.4       -104.42        4.54660  -17.08    2.21
 13136.9       -107.56        8.03748  -15.53    1.97
 18316.5       -111.99       18.65686  -15.32    1.36
 24195.7       -116.13       40.22103  -15.90    0.85
 30563.3       -119.98       78.10782  -15.05   -1.22
 37287.7       -122.66       98.36231  -14.66   -1.26
 44236.1       -125.60      100.00000  -14.72   -1.82
 51236.1       -127.36      100.00000  -13.69   -0.84
 58236.1       -130.53      100.00000  -14.27   -0.80
 65236.1       -134.49      100.00000  -14.52   -0.65
 72236.1       -138.61      100.00000  -14.28   -0.57
 79236.1       -142.50      100.00000  -13.94   -0.46
 86236.1       -145.65      100.00000  -12.94   -0.49
