NUMBER OF MARPTS:    24

 HEIGHTS  TEMPERATURES  REL. HUMIDITY  U-WIND  V-WIND 
     [M]           [C]            [%]   [M/S]   [M/S]

     0.0        -96.02        0.00000    0.00    0.00
     5.5        -93.69        0.40566   -0.60    0.99
    20.0        -90.61        0.22221    0.13    2.77
    49.4        -90.37        0.21173    0.70    2.78
   116.8        -90.23        0.20560    1.48    2.63
   253.4        -90.11        0.20793    2.68    2.67
   511.0        -90.67        0.23410    4.02    2.37
   992.1        -92.46        0.31523    5.22    1.25
  1859.2        -95.11        0.51120    7.43    2.60
  3323.5        -99.11        1.13520    5.61    4.50
  5605.4       -101.26        1.65126   10.27    5.36
  8864.4       -104.12        2.83935    8.99    7.93
 13136.9       -107.68        5.88845    8.15    3.84
 18316.5       -111.34       11.82238    6.35    5.89
 24195.7       -115.07       22.65996    3.01    7.18
 30563.3       -119.63       54.76536    2.88    4.97
 37287.7       -123.01       90.13621    2.21    2.64
 44236.1       -125.13       86.56466   -0.09   -1.31
 51236.1       -126.23       66.63165    0.05   -0.57
 58236.1       -129.11       74.88818    2.74    1.10
 65236.1       -129.82       24.61363    6.02    1.37
 72236.1       -133.24       18.28033    7.14    0.91
 79236.1       -136.45       19.76475    6.14    0.05
 86236.1       -137.85       16.04138    6.46   -0.00
