NUMBER OF MARPTS:    24

 HEIGHTS  TEMPERATURES  REL. HUMIDITY  U-WIND  V-WIND 
     [M]           [C]            [%]   [M/S]   [M/S]

     0.0        -78.51        0.00000    0.00    0.00
     5.5        -85.43        0.20628   -5.46    0.33
    20.0        -85.49        0.20808   -6.69    0.40
    49.4        -85.60        0.21178   -7.80    0.44
   116.8        -85.86        0.22053   -8.98    0.47
   253.4        -86.39        0.23942   -9.94    0.50
   511.0        -87.39        0.27977  -10.84    0.48
   992.1        -89.23        0.37525  -11.99    0.53
  1859.2        -91.02        0.50867  -13.38    0.69
  3323.5        -93.89        0.83328  -15.07    0.67
  5605.4        -97.19        1.47314  -15.65    0.09
  8864.4        -99.95        2.30254  -12.22   -0.18
 13136.9       -103.82        4.46482  -11.29    0.35
 18316.5       -108.59       11.13786  -16.81    0.95
 24195.7       -112.83       26.48285  -14.39   -0.03
 30563.3       -117.45       57.75412  -13.87    0.42
 37287.7       -121.04       90.02300  -14.75   -0.01
 44236.1       -124.43       95.29287  -16.19    0.17
 51236.1       -126.64       93.26457  -15.65    0.48
 58236.1       -130.08       99.99632  -13.67   -0.13
 65236.1       -133.73      100.00000  -13.29   -0.21
 72236.1       -138.04      100.00000  -13.40   -0.44
 79236.1       -142.18      100.00000  -12.60   -0.49
 86236.1       -144.21      100.00000  -16.47   -0.41
