NUMBER OF MARPTS:    24

 HEIGHTS  TEMPERATURES  REL. HUMIDITY  U-WIND  V-WIND 
     [M]           [C]            [%]   [M/S]   [M/S]

     0.0        -35.26        0.00000    0.00    0.00
     5.5        -34.88        0.00000    2.24    0.19
    20.0        -34.87        0.00000    2.83    0.24
    49.4        -34.94        0.00000    3.45    0.28
   116.8        -35.17        0.00000    4.32    0.31
   253.4        -35.76        0.00000    5.24    0.30
   511.0        -36.98        0.00000    6.07    0.18
   992.1        -39.22        0.00000    7.32   -0.55
  1859.2        -37.21        0.00000   -7.98    2.46
  3323.5        -42.35        0.00000   -5.62   -1.07
  5605.4        -51.60        0.00000   -1.30    0.36
  8864.4        -66.09        0.00000    2.31    1.59
 13136.9        -83.93        0.00000   -4.13    0.11
 18316.5        -95.94        0.00000   -6.92   -0.16
 24195.7       -101.64        0.00000   -8.98   -0.18
 30563.3       -107.45        0.00000  -10.43   -0.09
 37287.7       -113.25        0.00000  -12.09   -0.17
 44236.1       -118.98        0.00000  -13.31   -0.14
 51236.1       -124.61        0.00000  -13.60   -0.07
 58236.1       -129.92        0.00000  -13.06   -0.14
 65236.1       -132.89        0.00000  -13.06   -0.10
 72236.1       -137.32        0.00000  -13.19   -0.36
 79236.1       -142.38        0.00000  -12.25   -0.21
 86236.1       -144.27        0.00000  -27.21   -0.42
