NUMBER OF MARPTS:    24

 HEIGHTS  TEMPERATURES  REL. HUMIDITY  U-WIND  V-WIND 
     [M]           [C]            [%]   [M/S]   [M/S]

     0.0        -39.46        0.00000    0.00    0.00
     5.5        -42.93        0.00000    2.86    1.01
    20.0        -43.00        0.00000    3.46    1.20
    49.4        -43.14        0.00000    3.94    1.30
   116.8        -43.47        0.00000    4.36    1.33
   253.4        -44.13        0.00000    4.73    1.18
   511.0        -43.99        0.00000    2.78    0.22
   992.1        -43.98        0.00000   -1.97   -0.50
  1859.2        -46.82        0.00000    3.92    0.45
  3323.5        -51.78        0.00000   -1.68   -0.40
  5605.4        -59.62        0.00000   -6.00   -1.66
  8864.4        -72.01        0.00000   -7.12   -1.12
 13136.9        -86.99        0.00000   -8.19   -3.06
 18316.5        -95.84        0.00000  -13.11    0.39
 24195.7       -101.54        0.00000  -13.53    0.10
 30563.3       -107.41        0.00000  -13.21   -0.20
 37287.7       -113.06        0.00000  -12.91   -0.20
 44236.1       -118.98        0.00000  -13.43    0.14
 51236.1       -124.59        0.00000  -13.11    0.14
 58236.1       -129.83        0.00000  -13.64   -0.09
 65236.1       -133.68        0.00000  -14.77   -0.55
 72236.1       -138.29        0.00000  -14.64   -0.71
 79236.1       -142.47        0.00000  -13.99   -0.68
 86236.1       -144.53        0.00000  -20.49   -0.36
