NUMBER OF MARPTS:    24

 HEIGHTS  TEMPERATURES  REL. HUMIDITY  U-WIND  V-WIND 
     [M]           [C]            [%]   [M/S]   [M/S]

     0.0        -77.80        0.00000    0.00    0.00
     5.5        -77.10        0.02827   -2.90   -0.84
    20.0        -77.03        0.02793   -3.61   -0.95
    49.4        -77.01        0.02776   -4.41   -0.95
   116.8        -77.09        0.02795   -5.41   -0.82
   253.4        -77.29        0.02848   -6.64   -0.31
   511.0        -78.04        0.03141   -6.41    0.38
   992.1        -79.76        0.03989   -6.70    2.80
  1859.2        -83.13        0.06503   -7.95    2.52
  3323.5        -88.35        0.14358   -9.63    5.47
  5605.4        -94.31        0.36017  -16.22    4.90
  8864.4        -99.91        1.00958  -18.61    0.94
 13136.9       -103.00        1.81412   -9.55   -0.67
 18316.5       -107.76        3.96716  -10.88    0.04
 24195.7       -112.66        9.64403  -15.99    0.89
 30563.3       -116.36       19.02061  -13.75   -0.47
 37287.7       -119.63       30.70116   -8.57    0.14
 44236.1       -123.14       51.53459   -7.36    0.57
 51236.1       -125.71       62.75784   -7.94   -0.33
 58236.1       -128.56       80.95200   -7.38    0.56
 65236.1       -130.39       53.39538   -7.75    0.60
 72236.1       -134.19       53.94991  -12.77    0.18
 79236.1       -137.35       39.27037  -10.25   -0.05
 86236.1       -139.09       27.14928  -20.79    0.29
