NUMBER OF MARPTS:    24

 HEIGHTS  TEMPERATURES  REL. HUMIDITY  U-WIND  V-WIND 
     [M]           [C]            [%]   [M/S]   [M/S]

     0.0        -87.95        0.00000    0.00    0.00
     5.5        -87.24        0.23016   -2.83   -2.45
    20.0        -87.20        0.22814   -3.55   -2.96
    49.4        -87.25        0.22976   -4.07   -3.27
   116.8        -87.46        0.23733   -4.48   -3.48
   253.4        -87.82        0.24989   -4.95   -3.62
   511.0        -88.59        0.28165   -5.43   -3.01
   992.1        -89.86        0.34248   -6.70   -2.01
  1859.2        -92.13        0.49406   -8.11   -0.99
  3323.5        -94.43        0.70318  -11.91   -0.07
  5605.4        -97.24        1.07551  -11.90   -0.53
  8864.4       -100.21        1.61033  -12.14   -1.46
 13136.9       -104.21        3.29400  -15.84   -1.16
 18316.5       -108.51        9.73884  -20.62    0.15
 24195.7       -112.68       25.57938  -21.82    0.10
 30563.3       -117.40       61.55997  -21.36    1.69
 37287.7       -120.85       93.13600  -19.10    0.67
 44236.1       -124.77       98.77076  -22.34   -0.15
 51236.1       -126.80       95.42193  -24.59    0.05
 58236.1       -129.32       99.44747  -14.34    0.07
 65236.1       -134.47      100.00000  -12.62    0.43
 72236.1       -138.50      100.00000  -13.34    0.29
 79236.1       -142.44      100.00000  -12.96   -0.05
 86236.1       -145.65      100.00000  -16.41   -0.17
