NUMBER OF MARPTS:    24

 HEIGHTS  TEMPERATURES  REL. HUMIDITY  U-WIND  V-WIND 
     [M]           [C]            [%]   [M/S]   [M/S]

     0.0        -38.99        0.00000    0.00    0.00
     5.5        -37.16        0.00000    0.51   -0.64
    20.0        -35.61        0.00000    1.29   -1.62
    49.4        -34.93        0.00000    1.88   -2.34
   116.8        -34.90        0.00000    2.37   -2.86
   253.4        -35.52        0.00000    2.74   -2.98
   511.0        -36.78        0.00000    3.21   -2.83
   992.1        -39.07        0.00000    4.21   -2.12
  1859.2        -42.59        0.00000    3.79   -0.18
  3323.5        -48.02        0.00000   -2.20   -0.59
  5605.4        -56.55        0.00000   -2.97    0.26
  8864.4        -68.48        0.00000   -7.50    0.07
 13136.9        -83.29        0.00000   -9.59   -3.03
 18316.5        -95.72        0.00000  -11.98    0.59
 24195.7       -101.48        0.00000  -17.40   -0.80
 30563.3       -107.15        0.00000  -16.03    0.62
 37287.7       -112.80        0.00000  -13.01   -0.41
 44236.1       -118.61        0.00000  -11.46   -0.49
 51236.1       -124.36        0.00000  -14.94    0.45
 58236.1       -128.28        0.00000  -16.48    0.45
 65236.1       -129.91        0.00000  -12.93    0.95
 72236.1       -134.01        0.00000  -14.03    0.79
 79236.1       -139.56        0.00000  -13.40    0.47
 86236.1       -140.71        0.00000  -25.72    0.30
