NUMBER OF MARPTS:    24

 HEIGHTS  TEMPERATURES  REL. HUMIDITY  U-WIND  V-WIND 
     [M]           [C]            [%]   [M/S]   [M/S]

     0.0        -80.27        0.00000    0.00    0.00
     5.5        -79.16        0.05308   -1.02   -1.18
    20.0        -78.99        0.05149   -1.44   -1.58
    49.4        -78.55        0.04774   -2.43   -2.14
   116.8        -78.51        0.04710   -3.39   -2.34
   253.4        -78.96        0.05003   -3.92   -2.49
   511.0        -79.93        0.05731   -4.21   -2.45
   992.1        -81.75        0.07462   -3.08   -2.78
  1859.2        -84.96        0.12032   -2.34   -1.63
  3323.5        -90.26        0.27749   -2.93   -2.78
  5605.4        -94.58        0.53778   -9.54   -2.91
  8864.4        -99.56        1.17003   -8.37   -0.90
 13136.9       -103.58        1.93371   -7.79   -0.82
 18316.5       -108.08        3.30970  -10.64    0.26
 24195.7       -112.51        6.93073  -14.75   -0.36
 30563.3       -117.01       16.13926  -15.67    0.50
 37287.7       -120.77       34.39524  -15.39   -0.08
 44236.1       -124.09       66.09424  -15.21    0.55
 51236.1       -127.02       98.92948  -18.39    0.33
 58236.1       -129.68      100.00000  -13.40   -0.03
 65236.1       -133.26      100.00000  -12.53   -0.33
 72236.1       -137.12      100.00000  -11.57    0.29
 79236.1       -142.17      100.00000   -9.27    0.23
 86236.1       -144.09      100.00000  -23.81   -0.46
