NUMBER OF MARPTS:    24

 HEIGHTS  TEMPERATURES  REL. HUMIDITY  U-WIND  V-WIND 
     [M]           [C]            [%]   [M/S]   [M/S]

     0.0        -38.88        0.00000    0.00    0.00
     5.5        -38.23        0.00000   -0.39    0.86
    20.0        -37.83        0.00000   -0.81    1.60
    49.4        -37.41        0.00000   -1.51    2.56
   116.8        -37.22        0.00000   -2.59    3.55
   253.4        -37.65        0.00000   -3.41    3.96
   511.0        -38.77        0.00000   -3.04    3.39
   992.1        -40.56        0.00000    1.24   -1.00
  1859.2        -44.07        0.00000   -0.95   -1.07
  3323.5        -49.81        0.00000   -2.19   -0.62
  5605.4        -59.06        0.00000   -2.79    0.41
  8864.4        -72.09        0.00000    0.73   -0.35
 13136.9        -89.37        0.00000   -3.31   -1.42
 18316.5        -95.96        0.00000  -11.87   -0.09
 24195.7       -101.65        0.00000  -14.57   -0.11
 30563.3       -107.46        0.00000  -16.98   -0.20
 37287.7       -113.27        0.00000  -15.07    0.09
 44236.1       -118.99        0.00000  -17.13    0.02
 51236.1       -124.61        0.00000  -18.34    0.20
 58236.1       -129.92        0.00000  -21.32   -0.51
 65236.1       -134.39        0.00000  -14.81    0.09
 72236.1       -138.61        0.00000  -17.57   -0.01
 79236.1       -142.49        0.00000  -16.65    0.09
 86236.1       -145.89        0.00000  -21.42    0.14
