NUMBER OF MARPTS:    24

 HEIGHTS  TEMPERATURES  REL. HUMIDITY  U-WIND  V-WIND 
     [M]           [C]            [%]   [M/S]   [M/S]

     0.0        -63.85        0.00000    0.00    0.00
     5.5        -66.32        0.01927    0.64   -1.59
    20.0        -66.39        0.01942    0.79   -1.91
    49.4        -66.51        0.01973    0.92   -2.15
   116.8        -66.81        0.02045    1.06   -2.31
   253.4        -67.40        0.02201    1.46   -2.20
   511.0        -67.91        0.02299    1.94   -1.96
   992.1        -68.61        0.02443    3.55   -2.59
  1859.2        -70.08        0.02926    6.19   -3.82
  3323.5        -72.83        0.04182   10.48   -5.37
  5605.4        -77.72        0.08197   16.79   -6.63
  8864.4        -85.52        0.28764   18.53   -6.95
 13136.9        -92.73        1.05969   18.30   -4.11
 18316.5        -98.64        3.19932   16.98    0.19
 24195.7       -103.65        7.58715   13.02    4.92
 30563.3       -108.91       18.73060    8.28    9.03
 37287.7       -115.02       55.47587    4.20   11.15
 44236.1       -121.14      100.00000    1.86   10.45
 51236.1       -125.83       99.86072    1.69    9.08
 58236.1       -130.10      100.00000    1.99    8.38
 65236.1       -134.24      100.00000    1.65    6.56
 72236.1       -138.59      100.00000    1.58    5.35
 79236.1       -142.29      100.00000    1.53    4.72
 86236.1       -145.89      100.00000    1.52    3.83
