NUMBER OF MARPTS:    24

 HEIGHTS  TEMPERATURES  REL. HUMIDITY  U-WIND  V-WIND 
     [M]           [C]            [%]   [M/S]   [M/S]

     0.0        -47.12        0.00000    0.00    0.00
     5.5        -45.79        0.00198    2.38   -1.21
    20.0        -45.58        0.00192    3.16   -1.53
    49.4        -45.41        0.00188    4.07   -1.79
   116.8        -45.36        0.00186    5.28   -1.88
   253.4        -45.79        0.00193    6.12   -1.53
   511.0        -46.88        0.00217    6.02   -0.61
   992.1        -49.04        0.00273    4.68   -0.06
  1859.2        -53.07        0.00426    3.53   -0.43
  3323.5        -59.72        0.00890    2.34   -0.73
  5605.4        -69.69        0.02979    0.87    0.09
  8864.4        -80.94        0.17862   -1.00    0.51
 13136.9        -92.18        1.19755   -2.38    0.11
 18316.5        -99.98        4.72658   -1.51   -0.93
 24195.7       -105.28       10.17867   -0.09   -1.78
 30563.3       -110.72       22.56182    0.79   -1.88
 37287.7       -116.11       46.38638    1.50   -1.49
 44236.1       -121.16       79.71214    2.15   -0.87
 51236.1       -125.54       77.15282    1.97   -0.36
 58236.1       -128.76       61.24027    0.42    0.20
 65236.1       -129.85       30.55956   -1.58    0.82
 72236.1       -134.20       37.08022   -3.48    1.16
 79236.1       -138.30       43.46399   -5.66    1.21
 86236.1       -139.65       25.59156   -7.78    1.16
