NUMBER OF MARPTS:    24

 HEIGHTS  TEMPERATURES  REL. HUMIDITY  U-WIND  V-WIND 
     [M]           [C]            [%]   [M/S]   [M/S]

     0.0        -71.14        0.00000    0.00    0.00
     5.5        -69.12        0.00000   -0.13    0.99
    20.0        -60.29        0.00000   -3.51    0.78
    49.4        -60.42        0.00000   -3.56    0.80
   116.8        -60.45        0.00000   -4.24    0.32
   253.4        -59.92        0.00000   -3.60   -0.76
   511.0        -60.21        0.00000   -2.11   -1.36
   992.1        -61.17        0.00000   -1.63   -1.30
  1859.2        -63.36        0.00000   -1.15   -1.38
  3323.5        -67.40        0.00000   -0.82   -1.79
  5605.4        -73.80        0.00000   -0.75   -2.74
  8864.4        -82.38        0.00000   -1.17   -4.31
 13136.9        -91.27        0.00000   -1.07   -6.03
 18316.5        -98.81        0.00000    0.59   -6.30
 24195.7       -105.00        0.00000    1.76   -4.91
 30563.3       -110.62        0.00000    1.93   -3.63
 37287.7       -116.11        0.00000    1.34   -2.77
 44236.1       -121.06        0.00000    1.63   -2.79
 51236.1       -125.78        0.00000    1.94   -2.77
 58236.1       -129.61        0.00000    2.30   -2.46
 65236.1       -133.58        0.00000    2.19   -1.70
 72236.1       -138.31        0.00000    2.65   -1.24
 79236.1       -142.45        0.00000    3.19   -1.30
 86236.1       -146.16        0.00000    3.22   -1.19
