NUMBER OF MARPTS:    24

 HEIGHTS  TEMPERATURES  REL. HUMIDITY  U-WIND  V-WIND 
     [M]           [C]            [%]   [M/S]   [M/S]

     0.0        -42.60        0.00000    0.00    0.00
     5.5        -44.78        0.00000   -0.06    0.42
    20.0        -44.85        0.00000   -0.05    0.37
    49.4        -43.86        0.00000    0.32   -0.62
   116.8        -44.09        0.00000    0.64   -0.80
   253.4        -44.55        0.00000    0.98   -0.96
   511.0        -45.71        0.00000    0.91   -1.00
   992.1        -47.96        0.00000    0.86   -1.02
  1859.2        -51.95        0.00000    0.69   -1.14
  3323.5        -58.27        0.00000    0.77   -1.41
  5605.4        -67.43        0.00000    1.74   -2.17
  8864.4        -79.79        0.00000    3.28   -3.03
 13136.9        -93.00        0.00000    5.22   -2.06
 18316.5       -100.28        0.00000    5.88   -0.04
 24195.7       -105.62        0.00000    5.37    0.10
 30563.3       -111.00        0.00000    5.49    0.11
 37287.7       -116.25        0.00000    5.56    0.13
 44236.1       -121.25        0.00000    5.91    0.08
 51236.1       -125.81        0.00000    6.41    0.03
 58236.1       -129.15        0.00000    7.50    0.49
 65236.1       -131.25        0.00000    9.53    0.83
 72236.1       -135.66        0.00000   12.07    0.54
 79236.1       -140.05        0.00000   14.41    0.04
 86236.1       -142.24        0.00000   16.71   -0.29
