NUMBER OF MARPTS:    24

 HEIGHTS  TEMPERATURES  REL. HUMIDITY  U-WIND  V-WIND 
     [M]           [C]            [%]   [M/S]   [M/S]

     0.0        -49.41        0.00000    0.00    0.00
     5.5        -48.46        0.00000    3.90    0.45
    20.0        -48.37        0.00000    4.89    0.63
    49.4        -48.33        0.00000    5.93    0.90
   116.8        -48.41        0.00000    7.21    1.43
   253.4        -48.82        0.00000    8.14    2.20
   511.0        -49.88        0.00000    8.07    3.31
   992.1        -52.00        0.00000    6.75    4.24
  1859.2        -55.86        0.00000    5.35    4.73
  3323.5        -62.38        0.00000    4.04    4.66
  5605.4        -72.22        0.00000    2.97    4.46
  8864.4        -84.18        0.00000    0.73    3.86
 13136.9        -94.54        0.00000   -1.20    1.91
 18316.5       -100.14        0.00000   -1.13   -0.25
 24195.7       -105.65        0.00000   -1.85   -0.72
 30563.3       -110.99        0.00000   -1.66   -0.78
 37287.7       -116.21        0.00000   -1.54   -0.59
 44236.1       -121.18        0.00000   -1.00   -0.46
 51236.1       -125.41        0.00000   -0.70   -0.30
 58236.1       -128.52        0.00000   -1.58   -0.34
 65236.1       -129.54        0.00000   -3.04   -0.11
 72236.1       -133.94        0.00000   -4.62    0.25
 79236.1       -138.17        0.00000   -6.60    0.40
 86236.1       -139.72        0.00000   -8.63    0.52
