NUMBER OF MARPTS:    24

 HEIGHTS  TEMPERATURES  REL. HUMIDITY  U-WIND  V-WIND 
     [M]           [C]            [%]   [M/S]   [M/S]

     0.0        -60.82        0.00000    0.00    0.00
     5.5        -63.21        0.00000   -1.37    0.06
    20.0        -63.27        0.00000   -1.65    0.05
    49.4        -63.40        0.00000   -1.87    0.03
   116.8        -63.70        0.00000   -2.06   -0.01
   253.4        -64.29        0.00000   -2.18   -0.07
   511.0        -65.21        0.00000   -1.75   -0.04
   992.1        -66.42        0.00000   -1.09   -0.23
  1859.2        -68.87        0.00000   -0.41   -0.55
  3323.5        -73.11        0.00000    0.30   -0.98
  5605.4        -79.51        0.00000    0.97   -1.60
  8864.4        -87.61        0.00000    1.80   -2.27
 13136.9        -95.02        0.00000    2.50   -1.71
 18316.5        -99.84        0.00000    3.40   -0.45
 24195.7       -105.62        0.00000    2.93    0.20
 30563.3       -110.93        0.00000    2.85    0.15
 37287.7       -116.19        0.00000    3.04    0.09
 44236.1       -121.18        0.00000    3.35    0.04
 51236.1       -125.72        0.00000    3.82   -0.19
 58236.1       -130.10        0.00000    4.35   -0.28
 65236.1       -134.30        0.00000    4.58   -0.37
 72236.1       -138.47        0.00000    4.62   -0.62
 79236.1       -142.38        0.00000    4.63   -0.81
 86236.1       -146.01        0.00000    4.60   -1.06
