NUMBER OF MARPTS:    24

 HEIGHTS  TEMPERATURES  REL. HUMIDITY  U-WIND  V-WIND 
     [M]           [C]            [%]   [M/S]   [M/S]

     0.0        -36.54        0.00000    0.00    0.00
     5.5        -38.44        0.00039    0.20    1.09
    20.0        -38.52        0.00039    0.29    1.58
    49.4        -36.68        0.00032    0.11    0.76
   116.8        -36.96        0.00033    0.09    0.61
   253.4        -37.42        0.00034    0.37    0.52
   511.0        -38.58        0.00038    0.22    0.61
   992.1        -40.82        0.00046   -0.01    0.84
  1859.2        -44.76        0.00067   -0.25    1.09
  3323.5        -51.11        0.00131   -0.36    1.08
  5605.4        -60.59        0.00402   -0.51    0.92
  8864.4        -72.73        0.02025   -0.30    0.16
 13136.9        -85.87        0.14103    1.49   -1.85
 18316.5        -97.22        1.02228    4.63   -3.57
 24195.7       -104.12        3.34119    7.57   -2.50
 30563.3       -110.74       10.55495    7.16    0.05
 37287.7       -116.35       26.10192    6.82    0.68
 44236.1       -121.31       53.37842    7.10    0.49
 51236.1       -125.79       85.54953    7.41    0.56
 58236.1       -128.58       81.42785    8.27    0.81
 65236.1       -130.67       47.42525    9.64    1.05
 72236.1       -134.57       37.11280   12.26    0.47
 79236.1       -138.47       38.02772   15.41   -0.73
 86236.1       -140.90       43.23501   18.19   -1.57
