NUMBER OF MARPTS:    24

 HEIGHTS  TEMPERATURES  REL. HUMIDITY  U-WIND  V-WIND 
     [M]           [C]            [%]   [M/S]   [M/S]

     0.0        -66.76        0.00000    0.00    0.00
     5.5        -65.02        0.01251   -0.84    1.06
    20.0        -63.21        0.00965   -2.59    1.89
    49.4        -61.44        0.00749   -4.22    1.78
   116.8        -60.66        0.00668   -5.36    1.16
   253.4        -60.32        0.00629   -4.98   -0.30
   511.0        -60.69        0.00646   -2.86   -1.73
   992.1        -61.56        0.00695   -1.45   -2.05
  1859.2        -62.81        0.00760    2.26   -2.90
  3323.5        -64.81        0.00894    7.70   -3.83
  5605.4        -69.98        0.01628   13.30   -4.73
  8864.4        -78.55        0.05325   16.93   -6.52
 13136.9        -87.62        0.22518   18.50   -5.79
 18316.5        -94.66        0.75415   17.23   -2.72
 24195.7       -101.15        2.54790   11.71    0.52
 30563.3       -108.86       12.50424    2.42    2.06
 37287.7       -116.32       61.92729   -2.16    1.84
 44236.1       -121.28       93.87733   -1.38    1.51
 51236.1       -125.83       96.69950   -1.05    1.29
 58236.1       -130.19      100.00000   -0.62    1.10
 65236.1       -134.45      100.00000   -0.54    1.10
 72236.1       -138.61      100.00000   -0.50    1.18
 79236.1       -142.50      100.00000   -0.39    1.24
 86236.1       -146.16      100.00000   -0.14    1.39
