NUMBER OF MARPTS:    24

 HEIGHTS  TEMPERATURES  REL. HUMIDITY  U-WIND  V-WIND 
     [M]           [C]            [%]   [M/S]   [M/S]

     0.0        -56.64        0.00000    0.00    0.00
     5.5        -56.40        0.00000   -0.97    1.10
    20.0        -55.99        0.00000   -1.95    2.07
    49.4        -54.56        0.00000   -2.08    2.24
   116.8        -51.27        0.00000   -1.04    2.21
   253.4        -49.86        0.00000   -0.58    1.61
   511.0        -49.73        0.00000    0.12    1.19
   992.1        -50.58        0.00000    1.11    0.95
  1859.2        -52.76        0.00000    2.25    0.79
  3323.5        -57.44        0.00000    3.39    0.81
  5605.4        -65.55        0.00000    4.58    0.88
  8864.4        -77.40        0.00000    6.09    1.02
 13136.9        -90.84        0.00000    6.01    0.86
 18316.5        -98.99        0.00000    4.23    0.11
 24195.7       -104.57        0.00000    3.41    0.30
 30563.3       -110.40        0.00000    3.25    0.34
 37287.7       -115.78        0.00000    3.35    0.55
 44236.1       -120.92        0.00000    3.48    0.51
 51236.1       -125.69        0.00000    3.47    0.58
 58236.1       -129.95        0.00000    3.55    0.48
 65236.1       -133.09        0.00000    5.62    0.23
 72236.1       -137.50        0.00000    8.84    0.16
 79236.1       -141.68        0.00000   11.30    0.14
 86236.1       -144.06        0.00000   13.84    0.20
