NUMBER OF MARPTS:    24

 HEIGHTS  TEMPERATURES  REL. HUMIDITY  U-WIND  V-WIND 
     [M]           [C]            [%]   [M/S]   [M/S]

     0.0        -41.02        0.00000    0.00    0.00
     5.5        -41.69        0.00000    0.73    2.49
    20.0        -41.76        0.00000    0.84    3.03
    49.4        -41.91        0.00000    0.87    3.45
   116.8        -42.23        0.00000    0.81    3.86
   253.4        -42.89        0.00000    0.62    4.18
   511.0        -44.14        0.00000    0.31    4.23
   992.1        -46.43        0.00000    0.15    3.94
  1859.2        -50.52        0.00000    0.06    3.52
  3323.5        -57.25        0.00000   -0.13    2.87
  5605.4        -67.34        0.00000   -0.34    1.87
  8864.4        -80.92        0.00000   -0.77    0.76
 13136.9        -93.81        0.00000   -1.11   -0.17
 18316.5        -99.68        0.00000   -1.05   -0.63
 24195.7       -105.07        0.00000   -1.14   -0.60
 30563.3       -110.52        0.00000   -1.27   -0.70
 37287.7       -115.87        0.00000   -1.33   -0.77
 44236.1       -120.98        0.00000   -1.34   -0.83
 51236.1       -125.62        0.00000   -1.40   -0.88
 58236.1       -127.61        0.00000   -2.33   -0.69
 65236.1       -128.93        0.00000   -3.66   -0.21
 72236.1       -132.75        0.00000   -5.38    0.00
 79236.1       -136.87        0.00000   -7.52    0.04
 86236.1       -138.36        0.00000  -10.01    0.04
