NUMBER OF MARPTS:    24

 HEIGHTS  TEMPERATURES  REL. HUMIDITY  U-WIND  V-WIND 
     [M]           [C]            [%]   [M/S]   [M/S]

     0.0        -62.59        0.00000    0.00    0.00
     5.5        -63.16        0.00000    0.06   -0.16
    20.0        -63.22        0.00000    0.18   -0.10
    49.4        -63.35        0.00000    0.36   -0.06
   116.8        -63.64        0.00000    0.62   -0.05
   253.4        -63.64        0.00000    1.27   -0.06
   511.0        -63.34        0.00000    1.87   -0.65
   992.1        -63.88        0.00000    2.84   -1.20
  1859.2        -66.05        0.00000    4.03   -1.52
  3323.5        -70.63        0.00000    5.30   -1.58
  5605.4        -77.08        0.00000    6.42   -1.96
  8864.4        -87.22        0.00000    5.48   -0.65
 13136.9        -94.48        0.00000    5.18   -0.26
 18316.5        -99.54        0.00000    5.56   -0.39
 24195.7       -104.94        0.00000    5.91   -0.53
 30563.3       -110.41        0.00000    6.07   -0.54
 37287.7       -115.78        0.00000    6.13   -0.58
 44236.1       -120.91        0.00000    6.18   -0.64
 51236.1       -125.69        0.00000    6.23   -0.65
 58236.1       -130.02        0.00000    6.17   -0.56
 65236.1       -134.00        0.00000    5.39   -0.65
 72236.1       -138.23        0.00000    4.16   -0.86
 79236.1       -142.24        0.00000    3.51   -0.99
 86236.1       -146.01        0.00000    3.30   -1.16
