NUMBER OF MARPTS:    24

 HEIGHTS  TEMPERATURES  REL. HUMIDITY  U-WIND  V-WIND 
     [M]           [C]            [%]   [M/S]   [M/S]

     0.0        -79.66        0.00000    0.00    0.00
     5.5        -78.14        0.00000   -0.81    0.44
    20.0        -75.31        0.00000   -2.06   -0.59
    49.4        -74.06        0.00000   -1.64   -1.51
   116.8        -72.48        0.00000   -0.98   -1.61
   253.4        -71.15        0.00000   -0.49   -1.91
   511.0        -70.20        0.00000    0.07   -2.58
   992.1        -70.13        0.00000    0.85   -3.68
  1859.2        -71.08        0.00000    1.71   -5.55
  3323.5        -73.10        0.00000    2.58   -8.61
  5605.4        -77.12        0.00000    3.60  -13.02
  8864.4        -83.38        0.00000    3.84  -15.86
 13136.9        -91.38        0.00000    5.07  -15.01
 18316.5        -97.23        0.00000    6.14  -16.04
 24195.7       -102.98        0.00000    8.29  -16.53
 30563.3       -108.96        0.00000   10.04  -15.13
 37287.7       -114.77        0.00000   11.44  -13.70
 44236.1       -120.36        0.00000   12.42  -12.24
 51236.1       -125.35        0.00000   12.70  -11.04
 58236.1       -129.48        0.00000   12.85  -10.39
 65236.1       -133.12        0.00000   12.47   -9.52
 72236.1       -137.19        0.00000   10.80   -7.59
 79236.1       -141.84        0.00000    9.30   -4.93
 86236.1       -146.16        0.00000    8.55   -3.52
