NUMBER OF MARPTS:    24

 HEIGHTS  TEMPERATURES  REL. HUMIDITY  U-WIND  V-WIND 
     [M]           [C]            [%]   [M/S]   [M/S]

     0.0        -38.74        0.00000    0.00    0.00
     5.5        -40.03        0.00102   -1.13   -2.14
    20.0        -40.10        0.00103   -1.33   -2.60
    49.4        -40.25        0.00104   -1.45   -2.98
   116.8        -40.58        0.00108   -1.48   -3.32
   253.4        -41.24        0.00115   -1.38   -3.53
   511.0        -42.49        0.00129   -1.12   -3.36
   992.1        -44.81        0.00162   -1.05   -2.86
  1859.2        -48.92        0.00245   -0.86   -2.35
  3323.5        -55.69        0.00503   -0.68   -1.63
  5605.4        -65.62        0.01872   -1.44   -0.73
  8864.4        -77.93        0.12110   -2.69    0.40
 13136.9        -91.03        0.96185   -2.02    0.63
 18316.5        -99.70        3.84252   -0.83    0.08
 24195.7       -105.13        8.09100   -0.50   -0.06
 30563.3       -110.48       17.17299   -0.30   -0.35
 37287.7       -115.77       36.29577    0.01   -0.61
 44236.1       -120.97       76.53871    0.32   -0.70
 51236.1       -125.50       95.53779    0.56   -0.53
 58236.1       -127.47       56.15312   -0.13   -0.34
 65236.1       -128.92       23.07495   -1.60   -0.02
 72236.1       -132.86       23.72557   -3.63    0.22
 79236.1       -136.97       27.69310   -6.15    0.33
 86236.1       -138.31       15.87189   -8.86    0.29
