NUMBER OF MARPTS:    24

 HEIGHTS  TEMPERATURES  REL. HUMIDITY  U-WIND  V-WIND 
     [M]           [C]            [%]   [M/S]   [M/S]

     0.0        -69.71        0.00000    0.00    0.00
     5.5        -70.35        0.03988   -1.35    5.47
    20.0        -70.41        0.04020   -1.69    6.62
    49.4        -70.53        0.04085   -2.04    7.53
   116.8        -70.82        0.04239   -2.48    8.34
   253.4        -71.40        0.04571   -3.34    9.13
   511.0        -72.49        0.05273   -4.38    9.35
   992.1        -72.25        0.04828   -3.72    9.87
  1859.2        -71.57        0.03963   -2.69   11.02
  3323.5        -74.34        0.05473   -3.50   10.81
  5605.4        -79.60        0.12277   -3.57   10.75
  8864.4        -85.38        0.31919   -2.74   11.73
 13136.9        -90.14        0.67770   -0.63   13.51
 18316.5        -94.48        1.47514    2.35   14.37
 24195.7        -99.68        3.71972    5.21   13.60
 30563.3       -106.56       13.23970    6.74   11.24
 37287.7       -114.45       60.60815    4.95    8.17
 44236.1       -120.93       99.12800    3.21    6.31
 51236.1       -125.69      100.00000    3.30    6.19
 58236.1       -130.16      100.00000    3.12    6.33
 65236.1       -134.49      100.00000    3.20    6.49
 72236.1       -138.61      100.00000    3.47    6.42
 79236.1       -142.50      100.00000    3.63    6.14
 86236.1       -146.16      100.00000    3.86    5.66
