NUMBER OF MARPTS:    24

 HEIGHTS  TEMPERATURES  REL. HUMIDITY  U-WIND  V-WIND 
     [M]           [C]            [%]   [M/S]   [M/S]

     0.0        -51.84        0.00000    0.00    0.00
     5.5        -51.06        0.00224   -0.56    0.64
    20.0        -49.30        0.00180   -0.80    1.56
    49.4        -47.76        0.00149   -0.72    3.50
   116.8        -45.46        0.00112   -0.31    3.04
   253.4        -44.18        0.00096    0.44    2.27
   511.0        -43.58        0.00087    1.45    1.48
   992.1        -44.05        0.00087    2.86    1.09
  1859.2        -45.69        0.00098    4.97    0.85
  3323.5        -50.03        0.00148    7.64    0.84
  5605.4        -58.31        0.00353   10.25    0.84
  8864.4        -70.51        0.01589   11.40    0.70
 13136.9        -84.35        0.11833    9.73   -0.03
 18316.5        -97.38        1.02462    7.25   -0.44
 24195.7       -104.20        2.93306    6.59   -1.38
 30563.3       -109.56        6.47787    6.76   -1.38
 37287.7       -115.65       18.05773    6.77   -0.97
 44236.1       -120.97       41.72079    6.92   -0.44
 51236.1       -125.72       83.95339    6.70   -0.10
 58236.1       -129.11       89.57076    7.55    0.53
 65236.1       -131.94       78.44797    9.91    1.03
 72236.1       -136.79       91.31892   12.83    1.33
 79236.1       -140.99       92.49018   15.60    1.32
 86236.1       -143.08       93.40314   18.45    1.33
