NUMBER OF MARPTS:    24

 HEIGHTS  TEMPERATURES  REL. HUMIDITY  U-WIND  V-WIND 
     [M]           [C]            [%]   [M/S]   [M/S]

     0.0        -68.22        0.00000    0.00    0.00
     5.5        -67.50        0.01985   -1.97    1.64
    20.0        -67.43        0.01963   -2.50    2.03
    49.4        -67.32        0.01926   -3.36    2.54
   116.8        -67.12        0.01856   -4.85    2.75
   253.4        -66.83        0.01754   -4.98    1.74
   511.0        -67.12        0.01785   -4.13    1.81
   992.1        -66.28        0.01505   -4.10    2.73
  1859.2        -66.17        0.01365   -4.47    3.01
  3323.5        -67.57        0.01474   -4.96    3.05
  5605.4        -71.35        0.02195   -5.73    3.46
  8864.4        -78.30        0.05728   -5.91    4.07
 13136.9        -86.55        0.21724   -4.90    4.41
 18316.5        -92.94        0.62686   -3.17    4.08
 24195.7        -98.42        1.48208   -1.41    2.99
 30563.3       -105.55        6.02502   -1.72    1.22
 37287.7       -115.65       56.42363   -3.35   -0.27
 44236.1       -120.87       93.63881   -3.27   -0.34
 51236.1       -125.66       99.77202   -3.38   -0.40
 58236.1       -130.16      100.00000   -3.44   -0.51
 65236.1       -134.49      100.00000   -3.41   -0.53
 72236.1       -138.61      100.00000   -3.47   -0.59
 79236.1       -142.50      100.00000   -3.46   -0.63
 86236.1       -146.16      100.00000   -3.45   -0.61
