NUMBER OF MARPTS:    24

 HEIGHTS  TEMPERATURES  REL. HUMIDITY  U-WIND  V-WIND 
     [M]           [C]            [%]   [M/S]   [M/S]

     0.0        -21.38        0.00000    0.00    0.00
     5.5        -36.88        0.00057    0.14    0.16
    20.0        -36.95        0.00057    0.22    0.34
    49.4        -36.22        0.00052    0.46    0.36
   116.8        -35.78        0.00050    0.31    0.29
   253.4        -36.21        0.00051    0.17    0.35
   511.0        -37.39        0.00057    0.21    0.51
   992.1        -39.71        0.00070    0.43    0.60
  1859.2        -43.92        0.00105    0.84    0.69
  3323.5        -50.44        0.00201    1.55    0.80
  5605.4        -59.85        0.00552    1.85    0.65
  8864.4        -72.20        0.02469    1.11    0.60
 13136.9        -85.33        0.17459   -0.35    0.49
 18316.5        -96.91        1.44957   -0.00    0.62
 24195.7       -102.86        4.70199    1.19    1.06
 30563.3       -108.67       17.28951    1.65    0.64
 37287.7       -114.41       56.78899    1.75    0.07
 44236.1       -119.87       91.02253    1.49    0.04
 51236.1       -125.10       96.18168    1.49    0.12
 58236.1       -129.97      100.00000    1.32    0.03
 65236.1       -134.21      100.00000    1.04    0.05
 72236.1       -138.43      100.00000    0.72    0.17
 79236.1       -142.35      100.00000    0.54    0.30
 86236.1       -145.75      100.00000    0.47    0.31
