NUMBER OF MARPTS:    24

 HEIGHTS  TEMPERATURES  REL. HUMIDITY  U-WIND  V-WIND 
     [M]           [C]            [%]   [M/S]   [M/S]

     0.0        -39.95        0.00000    0.00    0.00
     5.5        -38.32        0.00050    1.17    1.74
    20.0        -37.05        0.00043    2.36    2.98
    49.4        -35.53        0.00036    3.69    3.95
   116.8        -33.63        0.00029    4.59    3.99
   253.4        -33.83        0.00030    4.38    3.32
   511.0        -34.99        0.00033    4.13    2.70
   992.1        -37.24        0.00041    4.19    1.52
  1859.2        -40.63        0.00062    4.69   -0.40
  3323.5        -45.18        0.00089    4.98   -2.33
  5605.4        -53.66        0.00207    6.29   -3.92
  8864.4        -66.19        0.01150    8.16   -5.86
 13136.9        -78.90        0.07440    8.35   -7.63
 18316.5        -91.26        0.56483    5.66   -9.68
 24195.7       -100.67        3.86958    1.55   -6.46
 30563.3       -108.01       11.24927   -4.48   -2.85
 37287.7       -114.15       34.65890   -8.28   -2.42
 44236.1       -119.72       85.88775   -8.49   -1.81
 51236.1       -124.75       85.91867   -7.96   -2.08
 58236.1       -129.16       74.62046   -7.30   -2.48
 65236.1       -132.73       55.38439   -2.92   -2.09
 72236.1       -135.86       59.74289    4.62   -2.29
 79236.1       -139.90       81.63791   11.04   -2.12
 86236.1       -141.36       56.24428   16.91   -1.87
