NUMBER OF MARPTS:    24

 HEIGHTS  TEMPERATURES  REL. HUMIDITY  U-WIND  V-WIND 
     [M]           [C]            [%]   [M/S]   [M/S]

     0.0        -42.79        0.00000    0.00    0.00
     5.5        -41.68        0.00000    1.19    2.89
    20.0        -41.43        0.00000    1.65    3.77
    49.4        -41.10        0.00000    2.35    4.81
   116.8        -40.02        0.00000    4.45    6.22
   253.4        -39.82        0.00000    5.50    5.63
   511.0        -40.92        0.00000    4.95    5.08
   992.1        -42.99        0.00000    3.73    3.97
  1859.2        -46.95        0.00000    1.57    2.39
  3323.5        -53.23        0.00000   -0.55    0.99
  5605.4        -61.63        0.00000    0.44    2.02
  8864.4        -73.24        0.00000    2.58    5.25
 13136.9        -87.59        0.00000    3.14    4.37
 18316.5        -96.21        0.00000    1.46    1.15
 24195.7       -102.40        0.00000   -0.58   -0.17
 30563.3       -108.41        0.00000   -2.34   -0.85
 37287.7       -113.86        0.00000   -3.86   -1.03
 44236.1       -119.79        0.00000   -5.45   -1.08
 51236.1       -125.07        0.00000   -6.10   -1.00
 58236.1       -129.82        0.00000   -5.66   -1.29
 65236.1       -132.79        0.00000   -1.77   -0.58
 72236.1       -135.47        0.00000    4.49    0.44
 79236.1       -139.62        0.00000    9.71    1.05
 86236.1       -141.70        0.00000   14.44    0.89
