NUMBER OF MARPTS:    24

 HEIGHTS  TEMPERATURES  REL. HUMIDITY  U-WIND  V-WIND 
     [M]           [C]            [%]   [M/S]   [M/S]

     0.0        -40.64        0.00000    0.00    0.00
     5.5        -39.62        0.00000   -0.51    0.78
    20.0        -33.05        0.00000   -1.39    4.22
    49.4        -31.32        0.00000    0.34    5.55
   116.8        -30.25        0.00000    1.95    5.83
   253.4        -30.54        0.00000    2.24    5.22
   511.0        -31.76        0.00000    1.98    4.75
   992.1        -34.16        0.00000    1.60    4.62
  1859.2        -38.47        0.00000    1.39    4.55
  3323.5        -45.58        0.00000    1.11    4.39
  5605.4        -56.23        0.00000    0.51    3.98
  8864.4        -70.59        0.00000    0.22    3.32
 13136.9        -87.26        0.00000   -0.04    2.13
 18316.5        -96.44        0.00000   -1.55    1.11
 24195.7       -102.84        0.00000   -2.44    0.65
 30563.3       -108.69        0.00000   -2.50    0.47
 37287.7       -114.28        0.00000   -2.70    0.63
 44236.1       -119.81        0.00000   -2.85    0.77
 51236.1       -125.05        0.00000   -2.82    0.70
 58236.1       -127.89        0.00000   -4.39    0.44
 65236.1       -130.05        0.00000   -7.57    0.18
 72236.1       -134.75        0.00000  -11.52   -0.12
 79236.1       -139.00        0.00000  -15.74   -0.22
 86236.1       -140.47        0.00000  -19.41   -0.30
