NUMBER OF MARPTS:    24

 HEIGHTS  TEMPERATURES  REL. HUMIDITY  U-WIND  V-WIND 
     [M]           [C]            [%]   [M/S]   [M/S]

     0.0        -28.74        0.00000    0.00    0.00
     5.5        -38.35        0.00000    0.63   -0.25
    20.0        -38.43        0.00000    0.73   -0.32
    49.4        -38.57        0.00000    0.79   -0.40
   116.8        -38.90        0.00000    0.78   -0.46
   253.4        -39.57        0.00000    0.68   -0.45
   511.0        -40.83        0.00000    0.61   -0.37
   992.1        -43.17        0.00000    0.47   -0.27
  1859.2        -47.31        0.00000    0.31   -0.20
  3323.5        -54.13        0.00000    0.23   -0.19
  5605.4        -64.12        0.00000   -0.01   -0.21
  8864.4        -76.40        0.00000   -1.18   -0.06
 13136.9        -88.74        0.00000   -0.63    0.03
 18316.5        -97.42        0.00000    0.90    0.04
 24195.7       -102.98        0.00000    0.86    0.02
 30563.3       -108.65        0.00000    0.90    0.05
 37287.7       -114.26        0.00000    0.81    0.13
 44236.1       -119.71        0.00000    0.76    0.43
 51236.1       -125.02        0.00000    0.81    0.67
 58236.1       -129.84        0.00000    1.24    0.77
 65236.1       -134.22        0.00000    1.30    0.43
 72236.1       -138.56        0.00000    0.79    0.24
 79236.1       -142.41        0.00000    0.69    0.45
 86236.1       -145.77        0.00000    1.00    0.42
