NUMBER OF MARPTS:    24

 HEIGHTS  TEMPERATURES  REL. HUMIDITY  U-WIND  V-WIND 
     [M]           [C]            [%]   [M/S]   [M/S]

     0.0        -61.13        0.00000    0.00    0.00
     5.5        -59.84        0.01023   -0.52   -0.50
    20.0        -59.17        0.00932   -1.05   -0.92
    49.4        -59.03        0.00911   -1.33   -1.08
   116.8        -59.18        0.00924   -1.51   -0.98
   253.4        -58.50        0.00832   -1.42   -0.66
   511.0        -57.45        0.00704   -1.07   -0.79
   992.1        -57.50        0.00674    0.07   -1.12
  1859.2        -58.33        0.00691    2.16   -1.14
  3323.5        -60.84        0.00903    6.25   -1.24
  5605.4        -66.09        0.01793   13.49   -1.08
  8864.4        -74.69        0.06094   19.31   -0.78
 13136.9        -84.81        0.31251   18.11   -0.68
 18316.5        -92.84        1.33809   11.90   -1.51
 24195.7       -100.79        6.17413    3.36   -1.64
 30563.3       -107.98       28.12431   -1.23   -0.74
 37287.7       -113.98       74.98000   -0.04   -0.33
 44236.1       -119.84       92.48920    1.02   -0.67
 51236.1       -125.10       96.10822    0.87   -0.76
 58236.1       -129.98      100.00000    0.62   -0.64
 65236.1       -134.39      100.00000    0.66   -0.57
 72236.1       -138.54      100.00000    0.75   -0.21
 79236.1       -142.43      100.00000    1.03    0.16
 86236.1       -146.03      100.00000    1.21    0.54
