NUMBER OF MARPTS:    24

 HEIGHTS  TEMPERATURES  REL. HUMIDITY  U-WIND  V-WIND 
     [M]           [C]            [%]   [M/S]   [M/S]

     0.0        -35.14        0.00000    0.00    0.00
     5.5        -33.17        0.00037   -0.05   -0.73
    20.0        -27.25        0.00020   -1.64   -1.48
    49.4        -25.38        0.00016   -2.25   -1.43
   116.8        -25.20        0.00016   -2.29   -1.22
   253.4        -25.72        0.00017   -2.09   -1.18
   511.0        -26.97        0.00018   -1.85   -1.30
   992.1        -29.40        0.00023   -1.64   -1.58
  1859.2        -33.77        0.00033   -1.44   -1.82
  3323.5        -40.99        0.00064   -1.12   -2.00
  5605.4        -51.78        0.00192   -0.75   -2.19
  8864.4        -65.57        0.00973   -0.25   -2.16
 13136.9        -81.14        0.09042    1.66   -2.17
 18316.5        -94.94        1.00402    0.83   -2.48
 24195.7       -102.62        4.19230   -3.23   -1.91
 30563.3       -108.34        9.59871   -4.81   -0.86
 37287.7       -114.23       24.06286   -4.17   -0.43
 44236.1       -119.89       61.24841   -3.95   -0.55
 51236.1       -125.11       88.32548   -4.02   -0.45
 58236.1       -127.80       58.68820   -5.92   -0.07
 65236.1       -130.51       37.72059   -9.77    0.14
 72236.1       -134.65       37.86466  -14.36   -0.03
 79236.1       -139.06       58.93884  -19.02   -0.10
 86236.1       -140.50       42.66202  -22.93   -0.24
