NUMBER OF MARPTS:    24

 HEIGHTS  TEMPERATURES  REL. HUMIDITY  U-WIND  V-WIND 
     [M]           [C]            [%]   [M/S]   [M/S]

     0.0        -49.81        0.00000    0.00    0.00
     5.5        -48.85        0.00000   -0.41   -1.08
    20.0        -48.56        0.00000   -0.70   -1.67
    49.4        -48.36        0.00000   -1.07   -2.19
   116.8        -48.54        0.00000   -1.35   -2.29
   253.4        -49.07        0.00000   -1.37   -2.15
   511.0        -49.80        0.00000   -0.97   -2.35
   992.1        -51.05        0.00000   -0.68   -2.49
  1859.2        -53.67        0.00000   -0.59   -2.71
  3323.5        -58.61        0.00000   -0.24   -2.75
  5605.4        -66.55        0.00000    0.67   -2.49
  8864.4        -77.32        0.00000    2.20   -2.00
 13136.9        -89.19        0.00000    0.71   -2.71
 18316.5        -96.19        0.00000   -2.11   -3.11
 24195.7       -102.97        0.00000   -1.86   -3.09
 30563.3       -108.64        0.00000   -2.30   -3.21
 37287.7       -114.28        0.00000   -2.15   -3.33
 44236.1       -119.76        0.00000   -2.18   -3.27
 51236.1       -125.02        0.00000   -2.26   -3.30
 58236.1       -129.89        0.00000   -1.70   -3.30
 65236.1       -134.23        0.00000   -0.48   -2.83
 72236.1       -138.35        0.00000    1.00   -2.29
 79236.1       -142.26        0.00000    1.90   -1.66
 86236.1       -145.95        0.00000    2.53   -1.16
