NUMBER OF MARPTS:    24

 HEIGHTS  TEMPERATURES  REL. HUMIDITY  U-WIND  V-WIND 
     [M]           [C]            [%]   [M/S]   [M/S]

     0.0        -48.95        0.00000    0.00    0.00
     5.5        -53.64        0.00000   -3.19    1.02
    20.0        -53.70        0.00000   -3.85    1.24
    49.4        -53.84        0.00000   -4.37    1.42
   116.8        -54.15        0.00000   -4.91    1.61
   253.4        -54.77        0.00000   -5.45    1.84
   511.0        -55.95        0.00000   -6.01    2.13
   992.1        -58.13        0.00000   -6.45    2.52
  1859.2        -62.00        0.00000   -5.93    2.70
  3323.5        -68.38        0.00000   -3.67    1.69
  5605.4        -77.51        0.00000   -3.42    1.25
  8864.4        -89.68        0.00000   -8.12    0.03
 13136.9        -95.05        0.00000  -16.77   -2.57
 18316.5        -99.92        0.00000  -20.20    3.43
 24195.7       -105.24        0.00000  -18.63   -0.82
 30563.3       -111.03        0.00000  -19.40   -0.79
 37287.7       -116.30        0.00000  -20.24    0.48
 44236.1       -121.12        0.00000  -20.90    0.17
 51236.1       -125.71        0.00000  -21.60   -0.32
 58236.1       -129.78        0.00000  -21.56    0.57
 65236.1       -134.09        0.00000  -19.88    0.54
 72236.1       -138.61        0.00000  -19.54    0.03
 79236.1       -142.35        0.00000  -19.79   -0.05
 86236.1       -145.33        0.00000  -21.44    0.07
