NUMBER OF MARPTS:    24

 HEIGHTS  TEMPERATURES  REL. HUMIDITY  U-WIND  V-WIND 
     [M]           [C]            [%]   [M/S]   [M/S]

     0.0        -30.48        0.00000    0.00    0.00
     5.5        -40.12        0.00044   -2.19    2.00
    20.0        -40.19        0.00045   -2.65    2.42
    49.4        -40.33        0.00045   -2.99    2.77
   116.8        -40.66        0.00047   -3.27    3.19
   253.4        -41.33        0.00050   -3.42    3.73
   511.0        -42.44        0.00056   -2.39    3.92
   992.1        -44.11        0.00067   -0.17    1.84
  1859.2        -47.83        0.00100    0.21   -0.55
  3323.5        -53.20        0.00194   -0.06    0.17
  5605.4        -62.52        0.00519   -0.08    1.93
  8864.4        -75.04        0.02905   -2.36    1.48
 13136.9        -90.62        0.31493   -2.95    0.06
 18316.5       -100.02        1.31476   -9.00    0.14
 24195.7       -104.68        3.62779  -14.64   -1.89
 30563.3       -110.55       10.26321  -15.52    1.44
 37287.7       -116.34       27.38523  -13.47   -1.26
 44236.1       -121.17       54.79140  -11.70    0.46
 51236.1       -125.46       85.39339  -13.56   -0.55
 58236.1       -127.64       56.70719   -8.50   -0.84
 65236.1       -128.23       17.83815   -4.37   -1.71
 72236.1       -132.80       19.34173   -1.42   -0.29
 79236.1       -137.59       33.60959   -2.15    1.51
 86236.1       -138.98       25.12848  -10.56    1.12
