NUMBER OF MARPTS:    24

 HEIGHTS  TEMPERATURES  REL. HUMIDITY  U-WIND  V-WIND 
     [M]           [C]            [%]   [M/S]   [M/S]

     0.0        -39.19        0.00000    0.00    0.00
     5.5        -48.69        0.00000   -0.76    0.61
    20.0        -48.76        0.00000   -0.94    0.73
    49.4        -48.90        0.00000   -1.20    0.92
   116.8        -49.22        0.00000   -1.49    1.14
   253.4        -49.86        0.00000   -1.70    1.18
   511.0        -50.98        0.00000   -1.79    0.34
   992.1        -52.95        0.00000   -2.09   -1.31
  1859.2        -56.75        0.00000   -3.27   -2.89
  3323.5        -63.14        0.00000   -4.30   -2.57
  5605.4        -72.94        0.00000   -1.26   -1.63
  8864.4        -86.04        0.00000   -9.34   -2.28
 13136.9        -95.27        0.00000   -9.84    3.01
 18316.5       -100.27        0.00000  -14.38    0.75
 24195.7       -104.30        0.00000  -13.18    0.51
 30563.3       -110.96        0.00000  -11.73   -0.12
 37287.7       -116.09        0.00000   -7.59    0.89
 44236.1       -121.02        0.00000   -9.04    0.86
 51236.1       -125.29        0.00000   -9.44   -1.31
 58236.1       -128.23        0.00000   -9.69   -0.41
 65236.1       -130.34        0.00000  -10.66   -0.83
 72236.1       -134.35        0.00000   -9.19   -1.03
 79236.1       -138.90        0.00000  -10.61    0.03
 86236.1       -139.78        0.00000  -17.32   -0.10
