NUMBER OF MARPTS:    24

 HEIGHTS  TEMPERATURES  REL. HUMIDITY  U-WIND  V-WIND 
     [M]           [C]            [%]   [M/S]   [M/S]

     0.0        -42.01        0.00000    0.00    0.00
     5.5        -48.72        0.00170   -2.00    1.09
    20.0        -48.79        0.00171   -2.41    1.32
    49.4        -48.93        0.00173   -2.74    1.49
   116.8        -49.25        0.00179   -3.06    1.68
   253.4        -49.89        0.00191   -3.36    1.86
   511.0        -51.09        0.00217   -3.52    1.98
   992.1        -53.32        0.00275   -3.23    1.78
  1859.2        -57.28        0.00424   -2.34    0.39
  3323.5        -63.80        0.00903   -2.07   -0.88
  5605.4        -72.83        0.02893   -2.68   -0.96
  8864.4        -85.83        0.19734   -7.50    1.56
 13136.9        -94.86        0.76777  -14.46   -3.02
 18316.5       -100.02        1.95276  -22.73    0.81
 24195.7       -105.45        5.52058  -21.21    3.10
 30563.3       -111.10       18.22845  -23.06    0.09
 37287.7       -116.36       50.06154  -22.92   -0.45
 44236.1       -121.34       97.14428  -23.75   -0.08
 51236.1       -125.80       97.54059  -24.55   -1.00
 58236.1       -129.77       99.38238  -22.75   -0.13
 65236.1       -133.95      100.00000  -18.58    0.55
 72236.1       -138.60      100.00000  -17.76    0.10
 79236.1       -142.35      100.00000  -18.16   -0.05
 86236.1       -145.22      100.00000  -18.81    0.09
