NUMBER OF MARPTS:    24

 HEIGHTS  TEMPERATURES  REL. HUMIDITY  U-WIND  V-WIND 
     [M]           [C]            [%]   [M/S]   [M/S]

     0.0        -35.27        0.00000    0.00    0.00
     5.5        -45.57        0.00000   -1.47    0.02
    20.0        -45.63        0.00000   -1.78    0.06
    49.4        -45.78        0.00000   -2.00    0.16
   116.8        -46.10        0.00000   -2.25    0.45
   253.4        -46.75        0.00000   -2.83    1.05
   511.0        -47.96        0.00000   -3.66    1.88
   992.1        -50.22        0.00000   -4.24    2.51
  1859.2        -54.23        0.00000   -4.86    3.30
  3323.5        -60.85        0.00000   -5.29    3.61
  5605.4        -70.76        0.00000   -5.87    2.90
  8864.4        -84.12        0.00000   -7.21    1.03
 13136.9        -94.72        0.00000  -10.37   -3.59
 18316.5       -100.16        0.00000  -14.21    2.03
 24195.7       -105.34        0.00000  -12.13   -0.89
 30563.3       -110.95        0.00000  -11.88   -0.19
 37287.7       -116.23        0.00000  -12.26    0.19
 44236.1       -121.15        0.00000  -12.67    0.05
 51236.1       -125.74        0.00000  -13.09    0.37
 58236.1       -129.87        0.00000  -13.47    0.17
 65236.1       -132.69        0.00000  -16.40    0.19
 72236.1       -137.07        0.00000  -18.56    0.52
 79236.1       -141.99        0.00000  -21.47    0.41
 86236.1       -143.40        0.00000  -32.18    0.05
