NUMBER OF MARPTS:    24

 HEIGHTS  TEMPERATURES  REL. HUMIDITY  U-WIND  V-WIND 
     [M]           [C]            [%]   [M/S]   [M/S]

     0.0        -56.78        0.00000    0.00    0.00
     5.5        -55.64        0.00000   -1.50   -0.52
    20.0        -55.27        0.00000   -2.36   -0.69
    49.4        -54.84        0.00000   -3.50   -0.72
   116.8        -54.64        0.00000   -4.83   -0.55
   253.4        -55.10        0.00000   -5.64   -0.45
   511.0        -56.24        0.00000   -5.86   -0.49
   992.1        -58.38        0.00000   -5.47   -0.99
  1859.2        -62.15        0.00000   -4.78   -1.70
  3323.5        -68.20        0.00000   -4.53   -1.38
  5605.4        -77.29        0.00000   -7.23    0.51
  8864.4        -89.01        0.00000   -3.95   -2.11
 13136.9        -95.09        0.00000   -7.09    0.04
 18316.5        -99.67        0.00000   -7.59    1.99
 24195.7       -105.68        0.00000   -5.78   -1.25
 30563.3       -111.06        0.00000   -6.18    0.06
 37287.7       -116.23        0.00000   -7.35    0.60
 44236.1       -121.22        0.00000   -8.74    0.10
 51236.1       -125.65        0.00000   -9.21    0.15
 58236.1       -129.94        0.00000   -8.19    0.18
 65236.1       -133.77        0.00000   -7.40    0.16
 72236.1       -138.35        0.00000   -7.62    0.41
 79236.1       -142.17        0.00000   -7.72    0.06
 86236.1       -144.15        0.00000   -8.98    0.20
