NUMBER OF MARPTS:    24

 HEIGHTS  TEMPERATURES  REL. HUMIDITY  U-WIND  V-WIND 
     [M]           [C]            [%]   [M/S]   [M/S]

     0.0        -30.05        0.00000    0.00    0.00
     5.5        -39.12        0.00049    1.80    0.83
    20.0        -39.20        0.00050    2.24    1.05
    49.4        -39.34        0.00050    2.61    1.23
   116.8        -39.67        0.00052    3.27    1.51
   253.4        -40.34        0.00055    5.13    2.03
   511.0        -40.96        0.00058    6.46    1.95
   992.1        -42.86        0.00069    6.03    1.19
  1859.2        -46.71        0.00101    4.05   -0.01
  3323.5        -53.42        0.00201   -0.39   -0.35
  5605.4        -63.68        0.00645   -1.75   -0.39
  8864.4        -76.90        0.03608   -3.24   -0.06
 13136.9        -92.01        0.39901   -9.17    0.37
 18316.5       -100.04        1.57082  -13.71   -3.27
 24195.7       -105.44        3.30053  -18.42    1.74
 30563.3       -110.99        7.93675  -14.78   -1.54
 37287.7       -116.31       17.89038  -14.21   -0.27
 44236.1       -121.28       41.21621  -15.22    0.26
 51236.1       -125.82       88.36796  -16.55    0.23
 58236.1       -129.88       92.80307  -15.97    0.40
 65236.1       -132.71       98.64366  -14.35    0.19
 72236.1       -137.16      100.00000  -16.52    0.04
 79236.1       -141.61      100.00000  -20.31    0.30
 86236.1       -143.15      100.00000  -29.48    0.34
