NUMBER OF MARPTS:    24

 HEIGHTS  TEMPERATURES  REL. HUMIDITY  U-WIND  V-WIND 
     [M]           [C]            [%]   [M/S]   [M/S]

     0.0        -56.64        0.00000    0.00    0.00
     5.5        -55.15        0.00464   -1.30   -0.64
    20.0        -54.46        0.00424   -2.33   -0.92
    49.4        -53.74        0.00384   -3.66   -1.00
   116.8        -53.41        0.00365   -5.10   -0.86
   253.4        -53.87        0.00381   -5.74   -0.67
   511.0        -54.97        0.00430   -5.50   -0.17
   992.1        -56.89        0.00543   -3.50    1.74
  1859.2        -58.89        0.00677   -1.41    3.69
  3323.5        -63.81        0.01186    0.05    4.05
  5605.4        -72.57        0.03737   -1.55   -1.62
  8864.4        -84.72        0.22671  -10.45    3.83
 13136.9        -94.51        1.12730   -8.97   -2.12
 18316.5        -99.70        2.78113   -9.67   -0.36
 24195.7       -105.69        7.99849  -11.70    2.20
 30563.3       -111.13       23.65857  -11.30   -0.75
 37287.7       -116.35       55.89901  -11.56    0.32
 44236.1       -121.21       93.93355  -12.52    0.25
 51236.1       -125.78       94.81457  -13.17    0.30
 58236.1       -129.81      100.00000  -11.98    0.70
 65236.1       -134.02      100.00000   -7.83    0.21
 72236.1       -138.50      100.00000   -6.05    0.03
 79236.1       -142.19      100.00000   -5.64   -0.09
 86236.1       -144.15      100.00000   -4.20    0.55
