NUMBER OF MARPTS:    24

 HEIGHTS  TEMPERATURES  REL. HUMIDITY  U-WIND  V-WIND 
     [M]           [C]            [%]   [M/S]   [M/S]

     0.0        -54.66        0.00000    0.00    0.00
     5.5        -54.32        0.00383    3.15   -5.44
    20.0        -54.32        0.00383    3.86   -6.62
    49.4        -54.41        0.00386    4.47   -7.61
   116.8        -54.65        0.00396    5.22   -8.73
   253.4        -55.15        0.00418    6.38  -10.07
   511.0        -56.03        0.00458    8.66  -11.44
   992.1        -57.47        0.00538   12.04  -10.53
  1859.2        -58.71        0.00624    7.96   -4.84
  3323.5        -62.91        0.01039   -0.78   -3.98
  5605.4        -71.80        0.03239   -5.38   -3.09
  8864.4        -83.89        0.19180   -9.03   -4.01
 13136.9        -95.69        1.45157  -10.46    0.85
 18316.5       -100.87        3.92278  -11.59   -1.08
 24195.7       -106.24       12.36018  -10.95   -0.07
 30563.3       -111.56       34.23776  -10.61   -0.08
 37287.7       -116.74       78.19766  -10.53   -0.01
 44236.1       -121.61       91.14615  -10.43   -0.30
 51236.1       -125.90       88.45481   -9.87   -0.21
 58236.1       -129.90       93.64195   -9.50   -0.14
 65236.1       -132.91       99.30187  -11.04    0.35
 72236.1       -137.65      100.00000  -14.40    0.94
 79236.1       -141.90      100.00000  -17.77    0.91
 86236.1       -143.04       94.91460  -20.87    0.70
