NUMBER OF MARPTS:    24

 HEIGHTS  TEMPERATURES  REL. HUMIDITY  U-WIND  V-WIND 
     [M]           [C]            [%]   [M/S]   [M/S]

     0.0        -52.90        0.00000    0.00    0.00
     5.5        -52.18        0.00252    0.91    1.30
    20.0        -52.12        0.00250    1.18    1.69
    49.4        -52.17        0.00251    1.40    2.05
   116.8        -52.46        0.00259    1.54    2.26
   253.4        -53.09        0.00277    1.66    2.35
   511.0        -54.28        0.00314    1.91    2.20
   992.1        -56.47        0.00400    2.55    1.84
  1859.2        -60.29        0.00614    4.56    1.44
  3323.5        -66.08        0.01201    7.11    1.68
  5605.4        -75.28        0.03916    7.84    1.66
  8864.4        -86.53        0.21269    4.99    1.64
 13136.9        -95.13        0.99308   -0.86    0.46
 18316.5       -100.78        3.83803   -3.96    0.49
 24195.7       -105.79       11.82590   -2.96    0.74
 30563.3       -111.34       38.90178   -3.79    0.82
 37287.7       -116.47       87.07688   -3.89    0.52
 44236.1       -121.59       93.01458   -3.65    0.72
 51236.1       -125.93       97.47631   -3.17    0.73
 58236.1       -130.03      100.00000   -3.13    0.80
 65236.1       -134.24      100.00000   -2.77    0.37
 72236.1       -138.50      100.00000   -1.63    0.10
 79236.1       -142.47      100.00000   -1.09   -0.04
 86236.1       -145.55      100.00000    0.42   -0.01
