NUMBER OF MARPTS:    24

 HEIGHTS  TEMPERATURES  REL. HUMIDITY  U-WIND  V-WIND 
     [M]           [C]            [%]   [M/S]   [M/S]

     0.0        -26.72        0.00000    0.00    0.00
     5.5        -41.27        0.00043    2.88   -2.42
    20.0        -41.34        0.00043    3.46   -2.90
    49.4        -41.49        0.00044    3.93   -3.29
   116.8        -41.81        0.00045    4.41   -3.68
   253.4        -42.47        0.00048    4.85   -4.02
   511.0        -43.72        0.00054    5.26   -4.31
   992.1        -46.02        0.00068    5.23   -3.92
  1859.2        -48.54        0.00086    2.58   -2.74
  3323.5        -54.40        0.00154   -1.42   -1.88
  5605.4        -63.66        0.00433   -7.23   -3.65
  8864.4        -75.90        0.02161  -12.60   -5.20
 13136.9        -90.25        0.21621  -16.39   -3.37
 18316.5       -100.62        1.48689  -16.90   -0.51
 24195.7       -105.67        3.55981  -16.20   -0.35
 30563.3       -110.62        8.16857  -14.92   -0.03
 37287.7       -116.64       23.03422  -14.87   -0.17
 44236.1       -121.47       48.75721  -15.06    0.22
 51236.1       -125.51       78.83300  -15.28   -0.08
 58236.1       -126.98       52.05041  -15.89   -0.43
 65236.1       -128.61       28.26621  -20.18   -0.68
 72236.1       -132.04       24.21651  -22.68   -1.01
 79236.1       -135.53       21.37474  -22.92   -0.97
 86236.1       -137.75       17.42914  -23.21   -0.77
