NUMBER OF MARPTS:    24

 HEIGHTS  TEMPERATURES  REL. HUMIDITY  U-WIND  V-WIND 
     [M]           [C]            [%]   [M/S]   [M/S]

     0.0        -37.97        0.00000    0.00    0.00
     5.5        -46.70        0.00109   -1.17    2.04
    20.0        -46.77        0.00110   -1.40    2.46
    49.4        -46.90        0.00111   -1.59    2.79
   116.8        -47.22        0.00115   -1.76    3.11
   253.4        -47.87        0.00123   -1.86    3.41
   511.0        -49.08        0.00139   -1.63    4.23
   992.1        -50.04        0.00151   -1.58    4.37
  1859.2        -52.43        0.00191   -0.92    5.41
  3323.5        -57.70        0.00337    0.78    5.50
  5605.4        -66.76        0.00967   -0.19    4.70
  8864.4        -80.37        0.05986    1.91    2.90
 13136.9        -93.14        0.41358    5.11    2.34
 18316.5        -99.37        1.21215   10.46   -0.74
 24195.7       -105.36        3.49138   11.69   -3.19
 30563.3       -110.71        8.15977    8.68   -2.55
 37287.7       -115.96       14.99468    5.01   -1.79
 44236.1       -121.52       43.49313    2.89   -1.56
 51236.1       -125.84       82.56479    2.92   -1.40
 58236.1       -130.01       94.56206    1.97   -0.82
 65236.1       -133.31       99.46920    3.06   -0.49
 72236.1       -137.84      100.00000    6.29   -0.21
 79236.1       -141.47      100.00000    9.06   -0.42
 86236.1       -143.84      100.00000   14.59   -0.49
