NUMBER OF MARPTS:    24

 HEIGHTS  TEMPERATURES  REL. HUMIDITY  U-WIND  V-WIND 
     [M]           [C]            [%]   [M/S]   [M/S]

     0.0        -46.42        0.00000    0.00    0.00
     5.5        -50.98        0.00000    4.92   -0.19
    20.0        -51.05        0.00000    5.96   -0.19
    49.4        -51.19        0.00000    6.81   -0.15
   116.8        -51.50        0.00000    7.64   -0.04
   253.4        -52.13        0.00000    8.44    0.18
   511.0        -53.32        0.00000    9.34    0.59
   992.1        -55.30        0.00000    9.62    1.32
  1859.2        -58.59        0.00000   11.01   -0.05
  3323.5        -64.60        0.00000   12.71   -1.21
  5605.4        -73.06        0.00000   15.10   -1.41
  8864.4        -84.54        0.00000   14.88   -0.32
 13136.9        -94.95        0.00000   12.14    1.52
 18316.5        -99.54        0.00000    9.50   -2.05
 24195.7       -104.18        0.00000    3.89   -3.24
 30563.3       -111.38        0.00000   -3.77   -0.28
 37287.7       -116.10        0.00000   -3.87    0.10
 44236.1       -121.46        0.00000   -5.51    0.56
 51236.1       -125.78        0.00000   -5.08    0.33
 58236.1       -129.70        0.00000   -4.89    0.55
 65236.1       -133.06        0.00000   -3.08    1.06
 72236.1       -137.96        0.00000    0.77    1.24
 79236.1       -141.47        0.00000    4.12    0.70
 86236.1       -143.83        0.00000    9.71    0.24
