NUMBER OF MARPTS:    24

 HEIGHTS  TEMPERATURES  REL. HUMIDITY  U-WIND  V-WIND 
     [M]           [C]            [%]   [M/S]   [M/S]

     0.0        -54.15        0.00000    0.00    0.00
     5.5        -53.92        0.00000    2.84   -4.29
    20.0        -53.95        0.00000    3.50   -5.22
    49.4        -54.05        0.00000    4.09   -5.97
   116.8        -54.31        0.00000    4.84   -6.77
   253.4        -54.87        0.00000    5.87   -7.53
   511.0        -55.87        0.00000    7.40   -7.65
   992.1        -57.57        0.00000    7.17   -5.46
  1859.2        -60.86        0.00000    4.60   -2.77
  3323.5        -66.45        0.00000    0.66   -0.65
  5605.4        -76.03        0.00000   -2.49    0.50
  8864.4        -89.06        0.00000   -6.86    0.80
 13136.9        -95.95        0.00000  -10.33   -0.50
 18316.5       -100.91        0.00000  -10.21    0.02
 24195.7       -106.18        0.00000  -10.07   -0.04
 30563.3       -111.28        0.00000   -9.33   -0.09
 37287.7       -116.41        0.00000   -9.44   -0.05
 44236.1       -121.52        0.00000   -9.67   -0.43
 51236.1       -125.86        0.00000   -9.51   -0.24
 58236.1       -129.79        0.00000  -10.42    0.49
 65236.1       -133.13        0.00000  -12.20    0.96
 72236.1       -137.78        0.00000  -15.08    1.16
 79236.1       -142.07        0.00000  -18.06    1.17
 86236.1       -143.10        0.00000  -21.12    1.10
