NUMBER OF MARPTS:    24

 HEIGHTS  TEMPERATURES  REL. HUMIDITY  U-WIND  V-WIND 
     [M]           [C]            [%]   [M/S]   [M/S]

     0.0        -58.31        0.00000    0.00    0.00
     5.5        -57.47        0.00000    0.06   -1.62
    20.0        -57.35        0.00000    0.12   -2.18
    49.4        -57.32        0.00000    0.24   -2.73
   116.8        -57.53        0.00000    0.52   -3.17
   253.4        -58.12        0.00000    0.94   -3.31
   511.0        -59.26        0.00000    1.58   -3.18
   992.1        -61.39        0.00000    2.58   -2.65
  1859.2        -65.21        0.00000    4.28   -1.34
  3323.5        -71.49        0.00000    6.57    0.92
  5605.4        -80.04        0.00000    8.40    3.49
  8864.4        -88.68        0.00000    6.65    2.81
 13136.9        -94.73        0.00000    3.61    0.97
 18316.5       -100.81        0.00000    1.50    0.99
 24195.7       -105.57        0.00000    1.41    0.10
 30563.3       -111.02        0.00000   -1.09   -0.07
 37287.7       -116.61        0.00000   -1.83    0.31
 44236.1       -121.50        0.00000   -0.74    0.08
 51236.1       -125.84        0.00000   -0.02   -0.16
 58236.1       -130.00        0.00000   -0.20   -0.01
 65236.1       -134.36        0.00000   -0.69    0.19
 72236.1       -138.57        0.00000   -0.65    0.09
 79236.1       -142.45        0.00000   -0.56   -0.18
 86236.1       -145.38        0.00000    0.32   -0.21
