NUMBER OF MARPTS:    24

 HEIGHTS  TEMPERATURES  REL. HUMIDITY  U-WIND  V-WIND 
     [M]           [C]            [%]   [M/S]   [M/S]

     0.0        -42.86        0.00000    0.00    0.00
     5.5        -51.50        0.00000    0.73   -7.03
    20.0        -51.57        0.00000    0.89   -8.46
    49.4        -51.70        0.00000    1.05   -9.59
   116.8        -52.02        0.00000    1.25  -10.76
   253.4        -52.65        0.00000    1.51  -11.94
   511.0        -53.84        0.00000    1.92  -13.17
   992.1        -56.04        0.00000    2.82  -14.38
  1859.2        -59.95        0.00000    3.77  -12.74
  3323.5        -64.29        0.00000   -6.12   -9.22
  5605.4        -72.20        0.00000   -6.39   -5.92
  8864.4        -83.43        0.00000  -14.95   -1.55
 13136.9        -93.85        0.00000  -18.72   -1.25
 18316.5       -100.69        0.00000  -20.62   -0.92
 24195.7       -105.53        0.00000  -19.75   -0.15
 30563.3       -111.26        0.00000  -18.52    0.53
 37287.7       -116.31        0.00000  -17.18   -0.45
 44236.1       -121.39        0.00000  -16.18   -0.86
 51236.1       -125.71        0.00000  -14.40   -0.31
 58236.1       -128.66        0.00000  -15.55   -0.06
 65236.1       -129.96        0.00000  -17.90   -0.39
 72236.1       -133.35        0.00000  -19.95   -0.69
 79236.1       -137.34        0.00000  -22.67   -1.61
 86236.1       -139.01        0.00000  -24.23   -2.08
